1.0000D-20  3.6327D-10 2.1459D-09 4.7632D-02  3.6327D-10  5.3452D-10  5.2500D-02 
1.0000D-20  9.9387D-10 1.5977D-09 4.7632D-02  9.9387D-10  4.5666D-10  5.2500D-02 
1.0000D-20  1.1940D-09 7.4264D-09 4.7632D-02  1.1940D-09  1.8536D-09  5.2500D-02 
1.0000D-20  1.7173D-09 1.1975D-08 4.7632D-02  1.7173D-09  5.9490D-09  5.2500D-02 
1.0000D-20  1.1052D-08 1.3810D-07 4.7632D-02  1.1052D-08  2.7315D-08  5.2500D-02 
2.0000D-05  3.6327D-10 2.1459D-09 4.7632D-02  3.6327D-10  5.3452D-10  5.2500D-02 
2.0000D-05  9.9387D-10 1.5977D-09 4.7632D-02  9.9387D-10  4.5666D-10  5.2500D-02 
2.0000D-05  1.1940D-09 7.4264D-09 4.7632D-02  1.1940D-09  1.8536D-09  5.2500D-02 
2.0000D-05  1.7173D-09 1.1975D-08 4.7632D-02  1.7173D-09  5.9490D-09  5.2500D-02 
2.0000D-05  1.1052D-08 1.3810D-07 4.7632D-02  1.1052D-08  2.7315D-08  5.2500D-02 
1.0000D-04  3.6327D-10 2.1459D-09 4.7632D-02  3.6327D-10  1.7829D-09  5.2500D-02 
1.0000D-04  9.9387D-10 1.5977D-09 4.7632D-02  9.9387D-10  1.5783D-09  5.2500D-02 
1.0000D-04  1.1940D-09 7.4264D-09 4.7632D-02  1.1940D-09  6.2975D-09  5.2500D-02 
1.0000D-04  1.7173D-09 1.1975D-08 4.7632D-02  1.7173D-09  2.2995D-08  5.2500D-02 
1.0000D-04  1.1052D-08 1.3810D-07 4.7632D-02  1.1052D-08  8.9668D-08  5.2500D-02 
2.0000D-04  3.6327D-10 2.1459D-09 4.7632D-02  3.6327D-10  3.8917D-09  5.2500D-02 
2.0000D-04  9.9387D-10 1.5977D-09 4.7632D-02  9.9387D-10  3.4588D-09  5.2500D-02 
2.0000D-04  1.1940D-09 7.4264D-09 4.7632D-02  1.1940D-09  1.3695D-08  5.2500D-02 
2.0000D-04  1.7173D-09 1.1975D-08 4.7632D-02  1.7173D-09  4.9044D-08  5.2500D-02 
2.0000D-04  1.1052D-08 1.3810D-07 4.7632D-02  1.1052D-08  1.9642D-07  5.2500D-02 
5.0000D-04  3.6327D-10 1.1619D-08 4.7632D-02  3.6327D-10  1.3738D-08  5.2500D-02 
5.0000D-04  9.9387D-10 8.3453D-09 4.7632D-02  9.9387D-10  1.2037D-08  5.2500D-02 
5.0000D-04  1.1940D-09 4.0642D-08 4.7632D-02  1.1940D-09  4.7351D-08  5.2500D-02 
5.0000D-04  1.7173D-09 5.1870D-08 4.7632D-02  1.7173D-09  1.4699D-07  5.2500D-02 
5.0000D-04  1.1052D-08 6.2701D-07 4.7632D-02  1.1052D-08  6.6397D-07  5.2500D-02 
1.0000D-03  3.6327D-10 3.3004D-08 2.1424D-02  3.6327D-10  3.3851D-08  2.3600D-02 
1.0000D-03  9.9387D-10 2.3052D-08 2.1424D-02  9.9387D-10  2.9359D-08  2.3600D-02 
1.0000D-03  1.1940D-09 1.1510D-07 2.1424D-02  1.1940D-09  1.1430D-07  2.3600D-02 
1.0000D-03  1.7173D-09 1.2453D-07 2.1424D-02  1.7173D-09  3.0869D-07  2.3600D-02 
1.0000D-03  1.1052D-08 1.5114D-06 2.1424D-02  1.1052D-08  1.5200D-06  2.3600D-02 
1.5000D-03  3.6327D-10 5.2922D-08 2.1424D-02  3.6327D-10  5.2638D-08  2.3600D-02 
1.5000D-03  9.9387D-10 3.6664D-08 2.1424D-02  9.9387D-10  4.5687D-08  2.3600D-02 
1.5000D-03  1.1940D-09 1.8570D-07 2.1424D-02  1.1940D-09  1.7631D-07  2.3600D-02 
1.5000D-03  1.7173D-09 1.8835D-07 2.1424D-02  1.7173D-09  4.4060D-07  2.3600D-02 
1.5000D-03  1.1052D-08 2.1631D-06 2.1424D-02  1.1052D-08  2.2729D-06  2.3600D-02 
2.0000D-03  3.6327D-10 6.5602D-08 2.1424D-02  3.6327D-10  6.7734D-08  2.3600D-02 
2.0000D-03  9.9387D-10 4.5132D-08 2.1424D-02  9.9387D-10  5.8830D-08  2.3600D-02 
2.0000D-03  1.1940D-09 2.2898D-07 2.1424D-02  1.1940D-09  2.2562D-07  2.3600D-02 
2.0000D-03  1.7173D-09 2.2270D-07 2.1424D-02  1.7173D-09  5.3400D-07  2.3600D-02 
2.0000D-03  1.1052D-08 2.4072D-06 2.1424D-02  1.1052D-08  2.8176D-06  2.3600D-02 
2.5000D-03  3.6327D-10 7.3523D-08 2.1424D-02  3.6327D-10  7.9915D-08  2.3600D-02 
2.5000D-03  9.9387D-10 5.0165D-08 2.1424D-02  9.9387D-10  6.9525D-08  2.3600D-02 
2.5000D-03  1.1940D-09 2.5581D-07 2.1424D-02  1.1940D-09  2.6573D-07  2.3600D-02 
2.5000D-03  1.7173D-09 2.4189D-07 2.1424D-02  1.7173D-09  6.0650D-07  2.3600D-02 
2.5000D-03  1.1052D-08 2.6070D-06 2.1424D-02  1.1052D-08  3.2472D-06  2.3600D-02 
3.0000D-03  3.6327D-10 7.8595D-08 2.1424D-02  3.6327D-10  8.9428D-08  2.3600D-02 
3.0000D-03  9.9387D-10 5.3391D-08 2.1424D-02  9.9387D-10  7.7972D-08  2.3600D-02 
3.0000D-03  1.1940D-09 2.7340D-07 2.1424D-02  1.1940D-09  2.9714D-07  2.3600D-02 
3.0000D-03  1.7173D-09 2.5378D-07 2.1424D-02  1.7173D-09  6.5824D-07  2.3600D-02 
3.0000D-03  1.1052D-08 2.7458D-06 2.1424D-02  1.1052D-08  3.5943D-06  2.3600D-02 
3.5000D-03  3.6327D-10 7.8595D-08 2.1424D-02  3.6327D-10  9.7217D-08  2.3600D-02 
3.5000D-03  9.9387D-10 5.5409D-08 2.1424D-02  9.9387D-10  8.4854D-08  2.3600D-02 
3.5000D-03  1.1940D-09 2.8529D-07 2.1424D-02  1.1940D-09  3.2300D-07  2.3600D-02 
3.5000D-03  1.7173D-09 2.6098D-07 2.1424D-02  1.7173D-09  6.9498D-07  2.3600D-02 
3.5000D-03  1.1052D-08 2.7962D-06 2.1424D-02  1.1052D-08  3.9062D-06  2.3600D-02 
4.0000D-03  3.6327D-10 8.4372D-08 2.1424D-02  3.6327D-10  1.0327D-07  2.3600D-02 
4.0000D-03  9.9387D-10 5.6722D-08 2.1424D-02  9.9387D-10  9.0194D-08  2.3600D-02 
4.0000D-03  1.1940D-09 2.9354D-07 2.1424D-02  1.1940D-09  3.4339D-07  2.3600D-02 
4.0000D-03  1.7173D-09 2.6543D-07 2.1424D-02  1.7173D-09  7.2127D-07  2.3600D-02 
4.0000D-03  1.1052D-08 2.7670D-06 2.1424D-02  1.1052D-08  4.1495D-06  2.3600D-02 
4.5000D-03  3.6327D-10 8.5919D-08 2.1424D-02  3.6327D-10  1.0816D-07  2.3600D-02 
4.5000D-03  9.9387D-10 5.7468D-08 2.1424D-02  9.9387D-10  9.4628D-08  2.3600D-02 
4.5000D-03  1.1940D-09 2.9853D-07 2.1424D-02  1.1940D-09  3.6034D-07  2.3600D-02 
4.5000D-03  1.7173D-09 2.6709D-07 2.1424D-02  1.7173D-09  7.4175D-07  2.3600D-02 
4.5000D-03  1.1052D-08 2.6620D-06 2.1424D-02  1.1052D-08  4.3125D-06  2.3600D-02 
5.0000D-03  3.6327D-10 8.6287D-08 2.1424D-02  3.6327D-10  1.1230D-07  2.3600D-02 
5.0000D-03  9.9387D-10 5.7404D-08 2.1424D-02  9.9387D-10  9.8351D-08  2.3600D-02 
5.0000D-03  1.1940D-09 2.9860D-07 2.1424D-02  1.1940D-09  3.7495D-07  2.3600D-02 
5.0000D-03  1.7173D-09 2.6424D-07 2.1424D-02  1.7173D-09  7.5776D-07  2.3600D-02 
5.0000D-03  1.1052D-08 2.4923D-06 2.1424D-02  1.1052D-08  4.3875D-06  2.3600D-02 
6.0000D-03  3.6327D-10 8.2390D-08 2.1424D-02  3.6327D-10  1.1817D-07  2.3600D-02 
6.0000D-03  9.9387D-10 5.4039D-08 2.1424D-02  9.9387D-10  1.0359D-07  2.3600D-02 
6.0000D-03  1.1940D-09 2.8060D-07 2.1424D-02  1.1940D-09  3.9553D-07  2.3600D-02 
6.0000D-03  1.7173D-09 2.4245D-07 2.1424D-02  1.7173D-09  7.7135D-07  2.3600D-02 
6.0000D-03  1.1052D-08 2.0649D-06 2.1424D-02  1.1052D-08  4.2759D-06  2.3600D-02 
7.0000D-03  3.6327D-10 7.3595D-08 2.1424D-02  3.6327D-10  1.2001D-07  2.3600D-02 
7.0000D-03  9.9387D-10 4.7938D-08 2.1424D-02  9.9387D-10  1.0491D-07  2.3600D-02 
7.0000D-03  1.1940D-09 2.4653D-07 2.1424D-02  1.1940D-09  4.0034D-07  2.3600D-02 
7.0000D-03  1.7173D-09 2.0887D-07 2.1424D-02  1.7173D-09  7.5246D-07  2.3600D-02 
7.0000D-03  1.1052D-08 1.6782D-06 2.1424D-02  1.1052D-08  3.9168D-06  2.3600D-02 
8.0000D-03  3.6327D-10 6.3436D-08 2.1424D-02  3.6327D-10  1.1650D-07  2.3600D-02 
8.0000D-03  9.9387D-10 4.1090D-08 2.1424D-02  9.9387D-10  1.0152D-07  2.3600D-02 
8.0000D-03  1.1940D-09 2.0966D-07 2.1424D-02  1.1940D-09  3.8562D-07  2.3600D-02 
8.0000D-03  1.7173D-09 1.7502D-07 2.1424D-02  1.7173D-09  7.0046D-07  2.3600D-02 
8.0000D-03  1.1052D-08 1.3912D-06 2.1424D-02  1.1052D-08  3.4493D-06  2.3600D-02 
9.0000D-03  3.6327D-10 5.4209D-08 2.1424D-02  3.6327D-10  1.0885D-07  2.3600D-02 
9.0000D-03  9.9387D-10 3.4992D-08 2.1424D-02  9.9387D-10  9.4571D-08  2.3600D-02 
9.0000D-03  1.1940D-09 1.7786D-07 2.1424D-02  1.1940D-09  3.5691D-07  2.3600D-02 
9.0000D-03  1.7173D-09 1.4717D-07 2.1424D-02  1.7173D-09  6.2912D-07  2.3600D-02 
9.0000D-03  1.1052D-08 1.1918D-06 2.1424D-02  1.1052D-08  3.0004D-06  2.3600D-02 
1.0000D-02  3.6327D-10 4.6871D-08 1.1856D-02  3.6327D-10  1.0119D-07  1.3100D-02 
1.0000D-02  9.9387D-10 3.0202D-08 1.1856D-02  9.9387D-10  7.7704D-08  1.3100D-02 
1.0000D-02  1.1940D-09 1.5362D-07 1.1856D-02  1.1940D-09  3.4676D-07  1.3100D-02 
1.0000D-02  1.7173D-09 1.2661D-07 1.1856D-02  1.7173D-09  3.3562D-07  1.3100D-02 
1.0000D-02  1.1052D-08 1.0508D-06 1.1856D-02  1.1052D-08  2.5055D-06  1.3100D-02 
1.2000D-02  3.6327D-10 3.7501D-08 1.1856D-02  3.6327D-10  8.0349D-08  1.3100D-02 
1.2000D-02  9.9387D-10 2.4092D-08 1.1856D-02  9.9387D-10  6.1753D-08  1.3100D-02 
1.2000D-02  1.1940D-09 1.2356D-07 1.1856D-02  1.1940D-09  2.7369D-07  1.3100D-02 
1.2000D-02  1.7173D-09 1.0157D-07 1.1856D-02  1.7173D-09  2.6023D-07  1.3100D-02 
1.2000D-02  1.1052D-08 8.5227D-07 1.1856D-02  1.1052D-08  2.0005D-06  1.3100D-02 
1.5000D-02  3.6327D-10 2.9985D-08 1.1856D-02  3.6327D-10  6.0764D-08  1.3100D-02 
1.5000D-02  9.9387D-10 1.9118D-08 1.1856D-02  9.9387D-10  4.6919D-08  1.3100D-02 
1.5000D-02  1.1940D-09 9.8316D-08 1.1856D-02  1.1940D-09  2.0950D-07  1.3100D-02 
1.5000D-02  1.7173D-09 7.9985D-08 1.1856D-02  1.7173D-09  1.9709D-07  1.3100D-02 
1.5000D-02  1.1052D-08 6.2569D-07 1.1856D-02  1.1052D-08  1.5767D-06  1.3100D-02 
1.8000D-02  3.6327D-10 2.4451D-08 1.1856D-02  3.6327D-10  5.0793D-08  1.3100D-02 
1.8000D-02  9.9387D-10 1.5451D-08 1.1856D-02  9.9387D-10  3.9315D-08  1.3100D-02 
1.8000D-02  1.1940D-09 7.8580D-08 1.1856D-02  1.1940D-09  1.7677D-07  1.3100D-02 
1.8000D-02  1.7173D-09 6.2880D-08 1.1856D-02  1.7173D-09  1.6441D-07  1.3100D-02 
1.8000D-02  1.1052D-08 4.5168D-07 1.1856D-02  1.1052D-08  1.2729D-06  1.3100D-02 
2.0000D-02  3.6327D-10 2.1239D-08 1.1856D-02  3.6327D-10  4.6098D-08  1.3100D-02 
2.0000D-02  9.9387D-10 1.3338D-08 1.1856D-02  9.9387D-10  3.5632D-08  1.3100D-02 
2.0000D-02  1.1940D-09 6.7093D-08 1.1856D-02  1.1940D-09  1.6020D-07  1.3100D-02 
2.0000D-02  1.7173D-09 5.3073D-08 1.1856D-02  1.7173D-09  1.4743D-07  1.3100D-02 
2.0000D-02  1.1052D-08 3.6420D-07 1.1856D-02  1.1052D-08  1.0954D-06  1.3100D-02 
2.5000D-02  3.6327D-10 1.4883D-08 1.1856D-02  3.6327D-10  3.6069D-08  1.3100D-02 
2.5000D-02  9.9387D-10 9.3108D-09 1.1856D-02  9.9387D-10  2.7855D-08  1.3100D-02 
2.5000D-02  1.1940D-09 4.5079D-08 1.1856D-02  1.1940D-09  1.2332D-07  1.3100D-02 
2.5000D-02  1.7173D-09 3.4810D-08 1.1856D-02  1.7173D-09  1.1062D-07  1.3100D-02 
2.5000D-02  1.1052D-08 2.2069D-07 1.1856D-02  1.1052D-08  7.4183D-07  1.3100D-02 
3.0000D-02  3.6327D-10 1.0807D-08 1.1856D-02  3.6327D-10  2.7803D-08  1.3100D-02 
3.0000D-02  9.9387D-10 6.7717D-09 1.1856D-02  9.9387D-10  2.1432D-08  1.3100D-02 
3.0000D-02  1.1940D-09 3.1316D-08 1.1856D-02  1.1940D-09  9.2842D-08  1.3100D-02 
3.0000D-02  1.7173D-09 2.3724D-08 1.1856D-02  1.7173D-09  8.1346D-08  1.3100D-02 
3.0000D-02  1.1052D-08 1.4371D-07 1.1856D-02  1.1052D-08  5.0834D-07  1.3100D-02 
4.0000D-02  3.6327D-10 6.8843D-09 1.1856D-02  3.6327D-10  1.7049D-08  1.3100D-02 
4.0000D-02  9.9387D-10 4.3841D-09 1.1856D-02  9.9387D-10  1.3260D-08  1.3100D-02 
4.0000D-02  1.1940D-09 1.8119D-08 1.1856D-02  1.1940D-09  5.4304D-08  1.3100D-02 
4.0000D-02  1.7173D-09 1.3311D-08 1.1856D-02  1.7173D-09  4.6105D-08  1.3100D-02 
4.0000D-02  1.1052D-08 7.6443D-08 1.1856D-02  1.1052D-08  2.6444D-07  1.3100D-02 
       
