M=1.5 Msun              				        M=3.0 Msu    
ISOT.            Z        X_ini       X_AGB_He      M_He(ej)	  X_AGB_He      M_He(ej)      
ba134   2.0000D-05   3.6327D-10     2.1459D-09    4.7632D-02    5.3452D-10    5.2500D-02  
ba135   2.0000D-05   9.9387D-10     1.5977D-09 	  4.7632D-02	4.5666D-10    5.2500D-02
ba136   2.0000D-05   1.1940D-09     7.4264D-09 	  4.7632D-02	1.8536D-09    5.2500D-02
ba137   2.0000D-05   1.7173D-09     1.1975D-08 	  4.7632D-02	5.9490D-09    5.2500D-02
ba138   2.0000D-05   1.1052D-08     1.3810D-07 	  4.7632D-02	2.7315D-08    5.2500D-02
ba139   2.0000D-05   0.0000D+00     0.0000D+00 	  4.7632D-02	0.0000D+00    5.2500D-02
ba140   2.0000D-05   0.0000D+00     0.0000D+00 	  4.7632D-02	0.0000D+00    5.2500D-02
la139   2.0000D-05   1.5419D-09     1.5006D-08 	  4.7632D-02	2.8752D-09    5.2500D-02
la140   2.0000D-05   0.0000D+00     0.0000D+00 	  4.7632D-02	0.0000D+00    5.2500D-02
la141   2.0000D-05   0.0000D+00     0.0000D+00 	  4.7632D-02	0.0000D+00    5.2500D-02
ce140   2.0000D-05   3.4994D-09     5.6677D-08 	  4.7632D-02	8.8638D-09    5.2500D-02
ce141   2.0000D-05   0.0000D+00     0.0000D+00 	  4.7632D-02	0.0000D+00    5.2500D-02
ce142   2.0000D-05   4.4500D-10     5.1887D-09    4.7632D-02	1.5685D-09    5.2500D-02
ce143   2.0000D-05   0.0000D+00     0.0000D+00    4.7632D-02	0.0000D+00    5.2500D-02
pr141   2.0000D-05   5.8565D-10     5.8742D-09    4.7632D-02	9.1280D-10    5.2500D-02
pr142   2.0000D-05   0.0000D+00     0.0000D+00    4.7632D-02	0.0000D+00    5.2500D-02
pr143   2.0000D-05   0.0000D+00     0.0000D+00    4.7632D-02	0.0000D+00    5.2500D-02
nd142   2.0000D-05   7.9465D-10     1.4467D-08    4.7632D-02	1.9288D-09    5.2500D-02
nd143   2.0000D-05   3.5566D-10     2.5915D-09    4.7632D-02	4.4710D-10    5.2500D-02
nd144   2.0000D-05   7.0556D-10     8.4756D-09    4.7632D-02	1.5096D-09    5.2500D-02
nd145   2.0000D-05   2.4776D-10     1.6261D-09    4.7632D-02	2.9158D-10    5.2500D-02
nd146   2.0000D-05   5.1564D-10     8.0316D-09    4.7632D-02	1.4810D-09    5.2500D-02
nd147   2.0000D-05   0.0000D+00     0.0000D+00    4.7632D-02	0.0000D+00    5.2500D-02
nd148   2.0000D-05   1.7558D-10     7.0934D-10    4.7632D-02	1.4082D-10    5.2500D-02
nd149   2.0000D-05   0.0000D+00     0.0000D+00    4.7632D-02	0.0000D+00    5.2500D-02
nd150   2.0000D-05   1.7423D-10     6.2010D-14    4.7632D-02	5.7209D-16    5.2500D-02
pm147   2.0000D-05   0.0000D+00     0.0000D+00    4.7632D-02	0.0000D+00    5.2500D-02
pm148   2.0000D-05   0.0000D+00     0.0000D+00    4.7632D-02	0.0000D+00    5.2500D-02
pm149   2.0000D-05   0.0000D+00     0.0000D+00    4.7632D-02	0.0000D+00    5.2500D-02
sm147   2.0000D-05   1.4588D-10     7.3032D-10    4.7632D-02	1.3509D-10    5.2500D-02
sm148   2.0000D-05   1.0748D-10     2.6905D-09    4.7632D-02	5.0097D-10    5.2500D-02
sm149   2.0000D-05   1.3193D-10     4.1782D-10    4.7632D-02	7.8714D-11    5.2500D-02
sm150   2.0000D-05   7.1257D-11     1.8139D-09    4.7632D-02	3.4449D-10    5.2500D-02
sm151   2.0000D-05   0.0000D+00     0.0000D+00    4.7632D-02	0.0000D+00    5.2500D-02
sm152   2.0000D-05   2.6047D-10     1.5469D-09    4.7632D-02	2.9701D-10    5.2500D-02
sm153   2.0000D-05   0.0000D+00     0.0000D+00    4.7632D-02	0.0000D+00    5.2500D-02
sm154   2.0000D-05   2.2445D-10     2.8236D-11    4.7632D-02	5.5340D-12    5.2500D-02
eu151   2.0000D-05   1.7464D-10     2.9662D-10    4.7632D-02	5.6606D-11    5.2500D-02
eu152   2.0000D-05   0.0000D+00     0.0000D+00    4.7632D-02	0.0000D+00    5.2500D-02
eu153   2.0000D-05   1.9331D-10     2.5263D-10    4.7632D-02	4.8379D-11    5.2500D-02
eu154   2.0000D-05   0.0000D+00     0.0000D+00    4.7632D-02	0.0000D+00    5.2500D-02
eu155   2.0000D-05   0.0000D+00     0.0000D+00    4.7632D-02	0.0000D+00    5.2500D-02
eu156   2.0000D-05   0.0000D+00     0.0000D+00    4.7632D-02	0.0000D+00    5.2500D-02
eu157   2.0000D-05   0.0000D+00     0.0000D+00    4.7632D-02	0.0000D+00    5.2500D-02
      					       				   				    
ba134   1.0000D-04   3.6327D-10     2.1459D-09    4.7632D-02	1.7829D-09    5.2500D-02
ba135   1.0000D-04   9.9387D-10     1.5977D-09 	  4.7632D-02	1.5783D-09    5.2500D-02
ba136   1.0000D-04   1.1940D-09     7.4264D-09 	  4.7632D-02	6.2975D-09    5.2500D-02
ba137   1.0000D-04   1.7173D-09     1.1975D-08 	  4.7632D-02	2.2995D-08    5.2500D-02
ba138   1.0000D-04   1.1052D-08     1.3810D-07 	  4.7632D-02	8.9668D-08    5.2500D-02
ba139   1.0000D-04   0.0000D+00     0.0000D+00 	  4.7632D-02	0.0000D+00    5.2500D-02
ba140   1.0000D-04   0.0000D+00     0.0000D+00 	  4.7632D-02	0.0000D+00    5.2500D-02
la139   1.0000D-04   1.5419D-09     1.5006D-08 	  4.7632D-02	9.3721D-09    5.2500D-02
la140   1.0000D-04   0.0000D+00     0.0000D+00 	  4.7632D-02	0.0000D+00    5.2500D-02
la141   1.0000D-04   0.0000D+00     0.0000D+00 	  4.7632D-02	0.0000D+00    5.2500D-02
ce140   1.0000D-04   3.4994D-09     5.6677D-08 	  4.7632D-02	2.7407D-08    5.2500D-02
ce141   1.0000D-04   0.0000D+00     0.0000D+00 	  4.7632D-02	0.0000D+00    5.2500D-02
ce142   1.0000D-04   4.4500D-10     5.1887D-09    4.7632D-02	5.5917D-09    5.2500D-02
ce143   1.0000D-04   0.0000D+00     0.0000D+00    4.7632D-02	0.0000D+00    5.2500D-02
pr141   1.0000D-04   5.8565D-10     5.8742D-09    4.7632D-02	2.8099D-09    5.2500D-02
pr142   1.0000D-04   0.0000D+00     0.0000D+00    4.7632D-02	0.0000D+00    5.2500D-02
pr143   1.0000D-04   0.0000D+00     0.0000D+00    4.7632D-02	0.0000D+00    5.2500D-02
nd142   1.0000D-04   7.9465D-10     1.4467D-08    4.7632D-02	5.6809D-09    5.2500D-02
nd143   1.0000D-04   3.5566D-10     2.5915D-09    4.7632D-02	1.4303D-09    5.2500D-02
nd144   1.0000D-04   7.0556D-10     8.4756D-09    4.7632D-02	4.8900D-09    5.2500D-02
nd145   1.0000D-04   2.4776D-10     1.6261D-09    4.7632D-02	9.4666D-10    5.2500D-02
nd146   1.0000D-04   5.1564D-10     8.0316D-09    4.7632D-02	4.8719D-09    5.2500D-02
nd147   1.0000D-04   0.0000D+00     0.0000D+00    4.7632D-02	0.0000D+00    5.2500D-02
nd148   1.0000D-04   1.7558D-10     7.0934D-10    4.7632D-02	4.7325D-10    5.2500D-02
nd149   1.0000D-04   0.0000D+00     0.0000D+00    4.7632D-02	0.0000D+00    5.2500D-02
nd150   1.0000D-04   1.7423D-10     6.2010D-14    4.7632D-02	7.5605D-15    5.2500D-02
pm147   1.0000D-04   0.0000D+00     0.0000D+00    4.7632D-02	0.0000D+00    5.2500D-02
pm148   1.0000D-04   0.0000D+00     0.0000D+00    4.7632D-02	0.0000D+00    5.2500D-02
pm149   1.0000D-04   0.0000D+00     0.0000D+00    4.7632D-02	0.0000D+00    5.2500D-02
sm147   1.0000D-04   1.4588D-10     7.3032D-10    4.7632D-02	4.4499D-10    5.2500D-02
sm148   1.0000D-04   1.0748D-10     2.6905D-09    4.7632D-02	1.6548D-09    5.2500D-02
sm149   1.0000D-04   1.3193D-10     4.1782D-10    4.7632D-02	2.6085D-10    5.2500D-02
sm150   1.0000D-04   7.1257D-11     1.8139D-09    4.7632D-02	1.1456D-09    5.2500D-02
sm151   1.0000D-04   0.0000D+00     0.0000D+00    4.7632D-02	0.0000D+00    5.2500D-02
sm152   1.0000D-04   2.6047D-10     1.5469D-09    4.7632D-02	9.9141D-10    5.2500D-02
sm153   1.0000D-04   0.0000D+00     0.0000D+00    4.7632D-02	0.0000D+00    5.2500D-02
sm154   1.0000D-04   2.2445D-10     2.8236D-11    4.7632D-02	1.8796D-11    5.2500D-02
eu151   1.0000D-04   1.7464D-10     2.9662D-10    4.7632D-02	1.8834D-10    5.2500D-02
eu152   1.0000D-04   0.0000D+00     0.0000D+00    4.7632D-02	0.0000D+00    5.2500D-02
eu153   1.0000D-04   1.9331D-10     2.5263D-10    4.7632D-02	1.6145D-10    5.2500D-02
eu154   1.0000D-04   0.0000D+00     0.0000D+00    4.7632D-02	0.0000D+00    5.2500D-02
eu155   1.0000D-04   0.0000D+00     0.0000D+00    4.7632D-02	0.0000D+00    5.2500D-02
eu156   1.0000D-04   0.0000D+00     0.0000D+00    4.7632D-02	0.0000D+00    5.2500D-02
eu157   1.0000D-04   0.0000D+00     0.0000D+00    4.7632D-02	0.0000D+00    5.2500D-02
      					       				   				       		    
ba134   2.0000D-04   3.6327D-10     2.1459D-09    4.7632D-02	3.8917D-09    5.2500D-02					      
ba135   2.0000D-04   9.9387D-10     1.5977D-09 	  4.7632D-02	3.4588D-09    5.2500D-02   
ba136   2.0000D-04   1.1940D-09     7.4264D-09 	  4.7632D-02	1.3695D-08    5.2500D-02   
ba137   2.0000D-04   1.7173D-09     1.1975D-08 	  4.7632D-02	4.9044D-08    5.2500D-02   
ba138   2.0000D-04   1.1052D-08     1.3810D-07 	  4.7632D-02	1.9642D-07    5.2500D-02   
ba139   2.0000D-04   0.0000D+00     0.0000D+00 	  4.7632D-02	0.0000D+00    5.2500D-02   
ba140   2.0000D-04   0.0000D+00     0.0000D+00 	  4.7632D-02	0.0000D+00    5.2500D-02   
la139   2.0000D-04   1.5419D-09     1.5006D-08 	  4.7632D-02	2.0617D-08    5.2500D-02   
la140   2.0000D-04   0.0000D+00     0.0000D+00 	  4.7632D-02	0.0000D+00    5.2500D-02   
la141   2.0000D-04   0.0000D+00     0.0000D+00 	  4.7632D-02	0.0000D+00    5.2500D-02   
ce140   2.0000D-04   3.4994D-09     5.6677D-08 	  4.7632D-02	6.1103D-08    5.2500D-02   
ce141   2.0000D-04   0.0000D+00     0.0000D+00 	  4.7632D-02	0.0000D+00    5.2500D-02   
ce142   2.0000D-04   4.4500D-10     5.1887D-09    4.7632D-02	1.2497D-08    5.2500D-02   
ce143   2.0000D-04   0.0000D+00     0.0000D+00    4.7632D-02	0.0000D+00    5.2500D-02   
pr141   2.0000D-04   5.8565D-10     5.8742D-09    4.7632D-02	6.2754D-09    5.2500D-02   
pr142   2.0000D-04   0.0000D+00     0.0000D+00    4.7632D-02	0.0000D+00    5.2500D-02   
pr143   2.0000D-04   0.0000D+00     0.0000D+00    4.7632D-02	0.0000D+00    5.2500D-02   
nd142   2.0000D-04   7.9465D-10     1.4467D-08    4.7632D-02	1.2718D-08    5.2500D-02   
nd143   2.0000D-04   3.5566D-10     2.5915D-09    4.7632D-02	3.2001D-09    5.2500D-02   
nd144   2.0000D-04   7.0556D-10     8.4756D-09    4.7632D-02	1.0942D-08    5.2500D-02   
nd145   2.0000D-04   2.4776D-10     1.6261D-09    4.7632D-02	2.1181D-09    5.2500D-02   
nd146   2.0000D-04   5.1564D-10     8.0316D-09    4.7632D-02	1.0889D-08    5.2500D-02   
nd147   2.0000D-04   0.0000D+00     0.0000D+00    4.7632D-02	0.0000D+00    5.2500D-02   
nd148   2.0000D-04   1.7558D-10     7.0934D-10    4.7632D-02	1.0684D-09    5.2500D-02   
nd149   2.0000D-04   0.0000D+00     0.0000D+00    4.7632D-02	0.0000D+00    5.2500D-02   
nd150   2.0000D-04   1.7423D-10     6.2010D-14    4.7632D-02	1.9920D-14    5.2500D-02   
pm147   2.0000D-04   0.0000D+00     0.0000D+00    4.7632D-02	0.0000D+00    5.2500D-02   
pm148   2.0000D-04   0.0000D+00     0.0000D+00    4.7632D-02	0.0000D+00    5.2500D-02   
pm149   2.0000D-04   0.0000D+00     0.0000D+00    4.7632D-02	0.0000D+00    5.2500D-02   
sm147   2.0000D-04   1.4588D-10     7.3032D-10    4.7632D-02	9.9441D-10    5.2500D-02   
sm148   2.0000D-04   1.0748D-10     2.6905D-09    4.7632D-02	3.6900D-09    5.2500D-02   
sm149   2.0000D-04   1.3193D-10     4.1782D-10    4.7632D-02	5.8253D-10    5.2500D-02   
sm150   2.0000D-04   7.1257D-11     1.8139D-09    4.7632D-02	2.5570D-09    5.2500D-02   
sm151   2.0000D-04   0.0000D+00     0.0000D+00    4.7632D-02	0.0000D+00    5.2500D-02   
sm152   2.0000D-04   2.6047D-10     1.5469D-09    4.7632D-02	2.2109D-09    5.2500D-02   
sm153   2.0000D-04   0.0000D+00     0.0000D+00    4.7632D-02	0.0000D+00    5.2500D-02   
sm154   2.0000D-04   2.2445D-10     2.8236D-11    4.7632D-02	4.2490D-11    5.2500D-02   
eu151   2.0000D-04   1.7464D-10     2.9662D-10    4.7632D-02	4.1992D-10    5.2500D-02   
eu152   2.0000D-04   0.0000D+00     0.0000D+00    4.7632D-02	0.0000D+00    5.2500D-02   
eu153   2.0000D-04   1.9331D-10     2.5263D-10    4.7632D-02	3.6027D-10    5.2500D-02   
eu154   2.0000D-04   0.0000D+00     0.0000D+00    4.7632D-02	0.0000D+00    5.2500D-02   
eu155   2.0000D-04   0.0000D+00     0.0000D+00    4.7632D-02	0.0000D+00    5.2500D-02   
eu156   2.0000D-04   0.0000D+00     0.0000D+00    4.7632D-02	0.0000D+00    5.2500D-02   
eu157   2.0000D-04   0.0000D+00     0.0000D+00    4.7632D-02	0.0000D+00    5.2500D-02   
      					       	   			   	       	        
ba134   5.0000D-04   3.6327D-10     1.1619D-08    4.7632D-02	1.3738D-08    5.2500D-02   
ba135   5.0000D-04   9.9387D-10     8.3453D-09    4.7632D-02	1.2037D-08    5.2500D-02   
ba136   5.0000D-04   1.1940D-09     4.0642D-08    4.7632D-02	4.7351D-08    5.2500D-02   
ba137   5.0000D-04   1.7173D-09     5.1870D-08    4.7632D-02	1.4699D-07    5.2500D-02   
ba138   5.0000D-04   1.1052D-08     6.2701D-07    4.7632D-02	6.6397D-07    5.2500D-02   
ba139   5.0000D-04   0.0000D+00     0.0000D+00    4.7632D-02	0.0000D+00    5.2500D-02   
ba140   5.0000D-04   0.0000D+00     0.0000D+00    4.7632D-02	0.0000D+00    5.2500D-02   
la139   5.0000D-04   1.5419D-09     6.7391D-08    4.7632D-02	7.0148D-08    5.2500D-02   
la140   5.0000D-04   0.0000D+00     0.0000D+00    4.7632D-02	0.0000D+00    5.2500D-02   
la141   5.0000D-04   0.0000D+00     0.0000D+00    4.7632D-02	0.0000D+00    5.2500D-02   
ce140   5.0000D-04   3.4994D-09     2.4345D-07    4.7632D-02	2.1366D-07    5.2500D-02   
ce141   5.0000D-04   0.0000D+00     0.0000D+00    4.7632D-02	0.0000D+00    5.2500D-02   
ce142   5.0000D-04   4.4500D-10     1.4841D-08    4.7632D-02	4.0183D-08    5.2500D-02   
ce143   5.0000D-04   0.0000D+00     0.0000D+00    4.7632D-02	0.0000D+00    5.2500D-02   
pr141   5.0000D-04   5.8565D-10     2.4846D-08    4.7632D-02	2.2021D-08    5.2500D-02   
pr142   5.0000D-04   0.0000D+00     0.0000D+00    4.7632D-02	0.0000D+00    5.2500D-02   
pr143   5.0000D-04   0.0000D+00     0.0000D+00    4.7632D-02	0.0000D+00    5.2500D-02   
nd142   5.0000D-04   7.9465D-10     6.3877D-08    4.7632D-02	4.5631D-08    5.2500D-02   
nd143   5.0000D-04   3.5566D-10     1.0510D-08    4.7632D-02	1.0936D-08    5.2500D-02   
nd144   5.0000D-04   7.0556D-10     3.4105D-08    4.7632D-02	3.7100D-08    5.2500D-02   
nd145   5.0000D-04   2.4776D-10     6.5283D-09    4.7632D-02	7.1688D-09    5.2500D-02   
nd146   5.0000D-04   5.1564D-10     3.2127D-08    4.7632D-02	3.6477D-08    5.2500D-02   
nd147   5.0000D-04   0.0000D+00     0.0000D+00    4.7632D-02	0.0000D+00    5.2500D-02   
nd148   5.0000D-04   1.7558D-10     2.7806D-09    4.7632D-02	3.6747D-09    5.2500D-02   
nd149   5.0000D-04   0.0000D+00     0.0000D+00    4.7632D-02	0.0000D+00    5.2500D-02   
nd150   5.0000D-04   1.7423D-10     2.1834D-13    4.7632D-02	6.4702D-14    5.2500D-02   
pm147   5.0000D-04   0.0000D+00     0.0000D+00    4.7632D-02	0.0000D+00    5.2500D-02   
pm148   5.0000D-04   0.0000D+00     0.0000D+00    4.7632D-02	0.0000D+00    5.2500D-02   
pm149   5.0000D-04   0.0000D+00     0.0000D+00    4.7632D-02	0.0000D+00    5.2500D-02   
sm147   5.0000D-04   1.4588D-10     2.9199D-09    4.7632D-02	3.3274D-09    5.2500D-02   
sm148   5.0000D-04   1.0748D-10     1.0686D-08    4.7632D-02	1.2226D-08    5.2500D-02   
sm149   5.0000D-04   1.3193D-10     1.6530D-09    4.7632D-02	1.9382D-09    5.2500D-02   
sm150   5.0000D-04   7.1257D-11     7.1589D-09    4.7632D-02	8.4838D-09    5.2500D-02   
sm151   5.0000D-04   0.0000D+00     0.0000D+00    4.7632D-02	0.0000D+00    5.2500D-02   
sm152   5.0000D-04   2.6047D-10     6.0717D-09    4.7632D-02	7.3043D-09    5.2500D-02   
sm153   5.0000D-04   0.0000D+00     0.0000D+00    4.7632D-02	0.0000D+00    5.2500D-02   
sm154   5.0000D-04   2.2445D-10     1.1786D-10    4.7632D-02	1.4737D-10    5.2500D-02   
eu151   5.0000D-04   1.7464D-10     1.1631D-09    4.7632D-02	1.3880D-09    5.2500D-02   
eu152   5.0000D-04   0.0000D+00     0.0000D+00    4.7632D-02	0.0000D+00    5.2500D-02   
eu153   5.0000D-04   1.9331D-10     9.9524D-10    4.7632D-02	1.1927D-09    5.2500D-02   
eu154   5.0000D-04   0.0000D+00     0.0000D+00    4.7632D-02	0.0000D+00    5.2500D-02   
eu155   5.0000D-04   0.0000D+00     0.0000D+00    4.7632D-02	0.0000D+00    5.2500D-02   
eu156   5.0000D-04   0.0000D+00     0.0000D+00    4.7632D-02	0.0000D+00    5.2500D-02   
eu157   5.0000D-04   0.0000D+00     0.0000D+00    4.7632D-02	0.0000D+00    5.2500D-02   
      					       	       	  		   	       	       		    
ba134   1.0000D-03   3.6327D-10     3.3004D-08    2.1424D-02	3.3851D-08    2.3600D-02   
ba135   1.0000D-03   9.9387D-10     2.3052D-08    2.1424D-02	2.9359D-08    2.3600D-02   
ba136   1.0000D-03   1.1940D-09     1.1510D-07    2.1424D-02	1.1430D-07    2.3600D-02   
ba137   1.0000D-03   1.7173D-09     1.2453D-07    2.1424D-02	3.0869D-07    2.3600D-02   
ba138   1.0000D-03   1.1052D-08     1.5114D-06    2.1424D-02	1.5200D-06    2.3600D-02   
ba139   1.0000D-03   0.0000D+00     0.0000D+00    2.1424D-02	0.0000D+00    2.3600D-02   
ba140   1.0000D-03   0.0000D+00     0.0000D+00    2.1424D-02	0.0000D+00    2.3600D-02   
la139   1.0000D-03   1.5419D-09     1.6097D-07    2.1424D-02	1.6062D-07    2.3600D-02   
la140   1.0000D-03   0.0000D+00     0.0000D+00    2.1424D-02	0.0000D+00    2.3600D-02   
la141   1.0000D-03   0.0000D+00     0.0000D+00    2.1424D-02	0.0000D+00    2.3600D-02   
ce140   1.0000D-03   3.4994D-09     5.6996D-07    2.1424D-02	4.9252D-07    2.3600D-02   
ce141   1.0000D-03   0.0000D+00     0.0000D+00    2.1424D-02	0.0000D+00    2.3600D-02   
ce142   1.0000D-03   4.4500D-10     2.5208D-08    2.1424D-02	8.7980D-08    2.3600D-02   
ce143   1.0000D-03   0.0000D+00     0.0000D+00    2.1424D-02	0.0000D+00    2.3600D-02   
pr141   1.0000D-03   5.8565D-10     5.7586D-08    2.1424D-02	5.0970D-08    2.3600D-02   
pr142   1.0000D-03   0.0000D+00     0.0000D+00    2.1424D-02	0.0000D+00    2.3600D-02   
pr143   1.0000D-03   0.0000D+00     0.0000D+00    2.1424D-02	0.0000D+00    2.3600D-02   
nd142   1.0000D-03   7.9465D-10     1.5214D-07    2.1424D-02	1.0603D-07    2.3600D-02   
nd143   1.0000D-03   3.5566D-10     2.3891D-08    2.1424D-02	2.4772D-08    2.3600D-02   
nd144   1.0000D-03   7.0556D-10     7.7356D-08    2.1424D-02	8.3499D-08    2.3600D-02   
nd145   1.0000D-03   2.4776D-10     1.4795D-08    2.1424D-02	1.6113D-08    2.3600D-02   
nd146   1.0000D-03   5.1564D-10     7.2772D-08    2.1424D-02	8.1231D-08    2.3600D-02   
nd147   1.0000D-03   0.0000D+00     0.0000D+00    2.1424D-02	0.0000D+00    2.3600D-02   
nd148   1.0000D-03   1.7558D-10     6.2734D-09    2.1424D-02	8.5036D-09    2.3600D-02   
nd149   1.0000D-03   0.0000D+00     0.0000D+00    2.1424D-02	0.0000D+00    2.3600D-02   
nd150   1.0000D-03   1.7423D-10     5.4184D-13    2.1424D-02	1.4573D-13    2.3600D-02   
pm147   1.0000D-03   0.0000D+00     0.0000D+00    2.1424D-02	0.0000D+00    2.3600D-02   
pm148   1.0000D-03   0.0000D+00     0.0000D+00    2.1424D-02	0.0000D+00    2.3600D-02   
pm149   1.0000D-03   0.0000D+00     0.0000D+00    2.1424D-02	0.0000D+00    2.3600D-02   
sm147   1.0000D-03   1.4588D-10     6.6157D-09    2.1424D-02	7.4037D-09    2.3600D-02   
sm148   1.0000D-03   1.0748D-10     2.4060D-08    2.1424D-02	2.6901D-08    2.3600D-02   
sm149   1.0000D-03   1.3193D-10     3.7179D-09    2.1424D-02	4.2937D-09    2.3600D-02   
sm150   1.0000D-03   7.1257D-11     1.6086D-08    2.1424D-02	1.8752D-08    2.3600D-02   
sm151   1.0000D-03   0.0000D+00     0.0000D+00    2.1424D-02	0.0000D+00    2.3600D-02   
sm152   1.0000D-03   2.6047D-10     1.3597D-08    2.1424D-02	1.6093D-08    2.3600D-02   
sm153   1.0000D-03   0.0000D+00     0.0000D+00    2.1424D-02	0.0000D+00    2.3600D-02   
sm154   1.0000D-03   2.2445D-10     2.8102D-10    2.1424D-02	3.4436D-10    2.3600D-02   
eu151   1.0000D-03   1.7464D-10     2.6020D-09    2.1424D-02	3.0577D-09    2.3600D-02   
eu152   1.0000D-03   0.0000D+00     0.0000D+00    2.1424D-02	0.0000D+00    2.3600D-02   
eu153   1.0000D-03   1.9331D-10     2.2335D-09    2.1424D-02	2.6319D-09    2.3600D-02   
eu154   1.0000D-03   0.0000D+00     0.0000D+00    2.1424D-02	0.0000D+00    2.3600D-02   
eu155   1.0000D-03   0.0000D+00     0.0000D+00    2.1424D-02	0.0000D+00    2.3600D-02   
eu156   1.0000D-03   0.0000D+00     0.0000D+00    2.1424D-02	0.0000D+00    2.3600D-02   
eu157   1.0000D-03   0.0000D+00     0.0000D+00    2.1424D-02	0.0000D+00    2.3600D-02   
      					       	       	  		   	       	          
ba134   1.5000D-03   3.6327D-10     5.2922D-08    2.1424D-02	5.2638D-08    2.3600D-02   
ba135   1.5000D-03   9.9387D-10     3.6664D-08    2.1424D-02	4.5687D-08    2.3600D-02   
ba136   1.5000D-03   1.1940D-09     1.8570D-07    2.1424D-02	1.7631D-07    2.3600D-02   
ba137   1.5000D-03   1.7173D-09     1.8835D-07    2.1424D-02	4.4060D-07    2.3600D-02   
ba138   1.5000D-03   1.1052D-08     2.1631D-06    2.1424D-02	2.2729D-06    2.3600D-02   
ba139   1.5000D-03   0.0000D+00     0.0000D+00    2.1424D-02	0.0000D+00    2.3600D-02   
ba140   1.5000D-03   0.0000D+00     0.0000D+00    2.1424D-02	0.0000D+00    2.3600D-02   
la139   1.5000D-03   1.5419D-09     2.2759D-07    2.1424D-02	2.3975D-07    2.3600D-02   
la140   1.5000D-03   0.0000D+00     0.0000D+00    2.1424D-02	0.0000D+00    2.3600D-02   
la141   1.5000D-03   0.0000D+00     0.0000D+00    2.1424D-02	0.0000D+00    2.3600D-02   
ce140   1.5000D-03   3.4994D-09     7.6770D-07    2.1424D-02	7.3080D-07    2.3600D-02   
ce141   1.5000D-03   0.0000D+00     0.0000D+00    2.1424D-02	0.0000D+00    2.3600D-02   
ce142   1.5000D-03   4.4500D-10     2.7430D-08    2.1424D-02	1.2557D-07    2.3600D-02   
ce143   1.5000D-03   0.0000D+00     0.0000D+00    2.1424D-02	0.0000D+00    2.3600D-02   
pr141   1.5000D-03   5.8565D-10     7.6785D-08    2.1424D-02	7.5805D-08    2.3600D-02   
pr142   1.5000D-03   0.0000D+00     0.0000D+00    2.1424D-02	0.0000D+00    2.3600D-02   
pr143   1.5000D-03   0.0000D+00     0.0000D+00    2.1424D-02	0.0000D+00    2.3600D-02   
nd142   1.5000D-03   7.9465D-10     2.0347D-07    2.1424D-02	1.5749D-07    2.3600D-02   
nd143   1.5000D-03   3.5566D-10     3.1205D-08    2.1424D-02	3.6174D-08    2.3600D-02   
nd144   1.5000D-03   7.0556D-10     1.0033D-07    2.1424D-02	1.2124D-07    2.3600D-02   
nd145   1.5000D-03   2.4776D-10     1.9158D-08    2.1424D-02	2.3370D-08    2.3600D-02   
nd146   1.5000D-03   5.1564D-10     9.3667D-08    2.1424D-02	1.1692D-07    2.3600D-02   
nd147   1.5000D-03   0.0000D+00     0.0000D+00    2.1424D-02	0.0000D+00    2.3600D-02   
nd148   1.5000D-03   1.7558D-10     7.9062D-09    2.1424D-02	1.2542D-08    2.3600D-02   
nd149   1.5000D-03   0.0000D+00     0.0000D+00    2.1424D-02	0.0000D+00    2.3600D-02   
nd150   1.5000D-03   1.7423D-10     9.1604D-13    2.1424D-02	2.3461D-13    2.3600D-02   
pm147   1.5000D-03   0.0000D+00     0.0000D+00    2.1424D-02	0.0000D+00    2.3600D-02   
pm148   1.5000D-03   0.0000D+00     0.0000D+00    2.1424D-02	0.0000D+00    2.3600D-02   
pm149   1.5000D-03   0.0000D+00     0.0000D+00    2.1424D-02	0.0000D+00    2.3600D-02   
sm147   1.5000D-03   1.4588D-10     8.5131D-09    2.1424D-02	1.0650D-08    2.3600D-02   
sm148   1.5000D-03   1.0748D-10     3.0812D-08    2.1424D-02	3.8378D-08    2.3600D-02   
sm149   1.5000D-03   1.3193D-10     4.7461D-09    2.1424D-02	6.1539D-09    2.3600D-02   
sm150   1.5000D-03   7.1257D-11     2.0500D-08    2.1424D-02	2.6829D-08    2.3600D-02   
sm151   1.5000D-03   0.0000D+00     0.0000D+00    2.1424D-02	0.0000D+00    2.3600D-02   
sm152   1.5000D-03   2.6047D-10     1.7268D-08    2.1424D-02	2.2970D-08    2.3600D-02   
sm153   1.5000D-03   0.0000D+00     0.0000D+00    2.1424D-02	0.0000D+00    2.3600D-02   
sm154   1.5000D-03   2.2445D-10     3.6725D-10    2.1424D-02	5.1094D-10    2.3600D-02   
eu151   1.5000D-03   1.7464D-10     3.3076D-09    2.1424D-02	4.3657D-09    2.3600D-02   
eu152   1.5000D-03   0.0000D+00     0.0000D+00    2.1424D-02	0.0000D+00    2.3600D-02   
eu153   1.5000D-03   1.9331D-10     2.8392D-09    2.1424D-02	3.7598D-09    2.3600D-02   
eu154   1.5000D-03   0.0000D+00     0.0000D+00    2.1424D-02	0.0000D+00    2.3600D-02   
eu155   1.5000D-03   0.0000D+00     0.0000D+00    2.1424D-02	0.0000D+00    2.3600D-02   
eu156   1.5000D-03   0.0000D+00     0.0000D+00    2.1424D-02	0.0000D+00    2.3600D-02   
eu157   1.5000D-03   0.0000D+00     0.0000D+00    2.1424D-02	0.0000D+00    2.3600D-02   
      					       	       	  		   				          
ba134   2.0000D-03   3.6327D-10     6.5602D-08    2.1424D-02	6.7734D-08    2.3600D-02   
ba135   2.0000D-03   9.9387D-10     4.5132D-08    2.1424D-02	5.8830D-08    2.3600D-02   
ba136   2.0000D-03   1.1940D-09     2.2898D-07    2.1424D-02	2.2562D-07    2.3600D-02   
ba137   2.0000D-03   1.7173D-09     2.2270D-07    2.1424D-02	5.3400D-07    2.3600D-02   
ba138   2.0000D-03   1.1052D-08     2.4072D-06    2.1424D-02	2.8176D-06    2.3600D-02   
ba139   2.0000D-03   0.0000D+00     0.0000D+00    2.1424D-02	0.0000D+00    2.3600D-02   
ba140   2.0000D-03   0.0000D+00     0.0000D+00    2.1424D-02	0.0000D+00    2.3600D-02   
la139   2.0000D-03   1.5419D-09     2.5065D-07    2.1424D-02	2.9638D-07    2.3600D-02   
la140   2.0000D-03   0.0000D+00     0.0000D+00    2.1424D-02	0.0000D+00    2.3600D-02   
la141   2.0000D-03   0.0000D+00     0.0000D+00    2.1424D-02	0.0000D+00    2.3600D-02   
ce140   2.0000D-03   3.4994D-09     8.2137D-07    2.1424D-02	8.9358D-07    2.3600D-02   
ce141   2.0000D-03   0.0000D+00     0.0000D+00    2.1424D-02	0.0000D+00    2.3600D-02   
ce142   2.0000D-03   4.4500D-10     2.5946D-08    2.1424D-02	1.4930D-07    2.3600D-02   
ce143   2.0000D-03   0.0000D+00     0.0000D+00    2.1424D-02	0.0000D+00    2.3600D-02   
pr141   2.0000D-03   5.8565D-10     8.1698D-08    2.1424D-02	9.2793D-08    2.3600D-02   
pr142   2.0000D-03   0.0000D+00     0.0000D+00    2.1424D-02	0.0000D+00    2.3600D-02   
pr143   2.0000D-03   0.0000D+00     0.0000D+00    2.1424D-02	0.0000D+00    2.3600D-02   
nd142   2.0000D-03   7.9465D-10     2.1657D-07    2.1424D-02	1.9218D-07    2.3600D-02   
nd143   2.0000D-03   3.5566D-10     3.2833D-08    2.1424D-02	4.3657D-08    2.3600D-02   
nd144   2.0000D-03   7.0556D-10     1.0518D-07    2.1424D-02	1.4565D-07    2.3600D-02   
nd145   2.0000D-03   2.4776D-10     2.0067D-08    2.1424D-02	2.8049D-08    2.3600D-02   
nd146   2.0000D-03   5.1564D-10     9.7784D-08    2.1424D-02	1.3947D-07    2.3600D-02   
nd147   2.0000D-03   0.0000D+00     0.0000D+00    2.1424D-02	0.0000D+00    2.3600D-02   
nd148   2.0000D-03   1.7558D-10     8.2093D-09    2.1424D-02	1.5194D-08    2.3600D-02   
nd149   2.0000D-03   0.0000D+00     0.0000D+00    2.1424D-02	0.0000D+00    2.3600D-02   
nd150   2.0000D-03   1.7423D-10     1.3126D-12    2.1424D-02	3.2688D-13    2.3600D-02   
pm147   2.0000D-03   0.0000D+00     0.0000D+00    2.1424D-02	0.0000D+00    2.3600D-02   
pm148   2.0000D-03   0.0000D+00     0.0000D+00    2.1424D-02	0.0000D+00    2.3600D-02   
pm149   2.0000D-03   0.0000D+00     0.0000D+00    2.1424D-02	0.0000D+00    2.3600D-02   
sm147   2.0000D-03   1.4588D-10     8.8868D-09    2.1424D-02	1.2698D-08    2.3600D-02   
sm148   2.0000D-03   1.0748D-10     3.2052D-08    2.1424D-02	4.5474D-08    2.3600D-02   
sm149   2.0000D-03   1.3193D-10     4.9331D-09    2.1424D-02	7.3145D-09    2.3600D-02   
sm150   2.0000D-03   7.1257D-11     2.1290D-08    2.1424D-02	3.1843D-08    2.3600D-02   
sm151   2.0000D-03   0.0000D+00     0.0000D+00    2.1424D-02	0.0000D+00    2.3600D-02   
sm152   2.0000D-03   2.6047D-10     1.7902D-08    2.1424D-02	2.7213D-08    2.3600D-02   
sm153   2.0000D-03   0.0000D+00     0.0000D+00    2.1424D-02	0.0000D+00    2.3600D-02   
sm154   2.0000D-03   2.2445D-10     3.8926D-10    2.1424D-02	6.2171D-10    2.3600D-02   
eu151   2.0000D-03   1.7464D-10     3.4306D-09    2.1424D-02	5.1743D-09    2.3600D-02   
eu152   2.0000D-03   0.0000D+00     0.0000D+00    2.1424D-02	0.0000D+00    2.3600D-02   
eu153   2.0000D-03   1.9331D-10     2.9445D-09    2.1424D-02	4.4563D-09    2.3600D-02   
eu154   2.0000D-03   0.0000D+00     0.0000D+00    2.1424D-02	0.0000D+00    2.3600D-02   
eu155   2.0000D-03   0.0000D+00     0.0000D+00    2.1424D-02	0.0000D+00    2.3600D-02   
eu156   2.0000D-03   0.0000D+00     0.0000D+00    2.1424D-02	0.0000D+00    2.3600D-02   
eu157   2.0000D-03   0.0000D+00     0.0000D+00    2.1424D-02	0.0000D+00    2.3600D-02   
      					       				   	       	          
ba134   2.5000D-03   3.6327D-10     7.3523D-08    2.1424D-02	7.9915D-08    2.3600D-02   
ba135   2.5000D-03   9.9387D-10     5.0165D-08    2.1424D-02	6.9525D-08    2.3600D-02   
ba136   2.5000D-03   1.1940D-09     2.5581D-07    2.1424D-02	2.6573D-07    2.3600D-02   
ba137   2.5000D-03   1.7173D-09     2.4189D-07    2.1424D-02	6.0650D-07    2.3600D-02   
ba138   2.5000D-03   1.1052D-08     2.6070D-06    2.1424D-02	3.2472D-06    2.3600D-02   
ba139   2.5000D-03   0.0000D+00     0.0000D+00    2.1424D-02	0.0000D+00    2.3600D-02   
ba140   2.5000D-03   0.0000D+00     0.0000D+00    2.1424D-02	0.0000D+00    2.3600D-02   
la139   2.5000D-03   1.5419D-09     2.7140D-07    2.1424D-02	3.4075D-07    2.3600D-02   
la140   2.5000D-03   0.0000D+00     0.0000D+00    2.1424D-02	0.0000D+00    2.3600D-02   
la141   2.5000D-03   0.0000D+00     0.0000D+00    2.1424D-02	0.0000D+00    2.3600D-02   
ce140   2.5000D-03   3.4994D-09     8.9517D-07    2.1424D-02	1.0201D-06    2.3600D-02   
ce141   2.5000D-03   0.0000D+00     0.0000D+00    2.1424D-02	0.0000D+00    2.3600D-02   
ce142   2.5000D-03   4.4500D-10     2.5265D-08    2.1424D-02	1.6792D-07    2.3600D-02   
ce143   2.5000D-03   0.0000D+00     0.0000D+00    2.1424D-02	0.0000D+00    2.3600D-02   
pr141   2.5000D-03   5.8565D-10     8.8682D-08    2.1424D-02	1.0602D-07    2.3600D-02   
pr142   2.5000D-03   0.0000D+00     0.0000D+00    2.1424D-02	0.0000D+00    2.3600D-02   
pr143   2.5000D-03   0.0000D+00     0.0000D+00    2.1424D-02	0.0000D+00    2.3600D-02   
nd142   2.5000D-03   7.9465D-10     2.3843D-07    2.1424D-02	2.1882D-07    2.3600D-02   
nd143   2.5000D-03   3.5566D-10     3.5802D-08    2.1424D-02	4.9442D-08    2.3600D-02   
nd144   2.5000D-03   7.0556D-10     1.1489D-07    2.1424D-02	1.6445D-07    2.3600D-02   
nd145   2.5000D-03   2.4776D-10     2.1917D-08    2.1424D-02	3.1649D-08    2.3600D-02   
nd146   2.5000D-03   5.1564D-10     1.0714D-07    2.1424D-02	1.5673D-07    2.3600D-02   
nd147   2.5000D-03   0.0000D+00     0.0000D+00    2.1424D-02	0.0000D+00    2.3600D-02   
nd148   2.5000D-03   1.7558D-10     8.8354D-09    2.1424D-02	1.7273D-08    2.3600D-02   
nd149   2.5000D-03   0.0000D+00     0.0000D+00    2.1424D-02	0.0000D+00    2.3600D-02   
nd150   2.5000D-03   1.7423D-10     1.8065D-12    2.1424D-02	4.4378D-13    2.3600D-02   
pm147   2.5000D-03   0.0000D+00     0.0000D+00    2.1424D-02	0.0000D+00    2.3600D-02   
pm148   2.5000D-03   0.0000D+00     0.0000D+00    2.1424D-02	0.0000D+00    2.3600D-02   
pm149   2.5000D-03   0.0000D+00     0.0000D+00    2.1424D-02	0.0000D+00    2.3600D-02   
sm147   2.5000D-03   1.4588D-10     9.7408D-09    2.1424D-02	1.4265D-08    2.3600D-02   
sm148   2.5000D-03   1.0748D-10     3.5160D-08    2.1424D-02	5.0858D-08    2.3600D-02   
sm149   2.5000D-03   1.3193D-10     5.3965D-09    2.1424D-02	8.2002D-09    2.3600D-02   
sm150   2.5000D-03   7.1257D-11     2.3300D-08    2.1424D-02	3.5666D-08    2.3600D-02   
sm151   2.5000D-03   0.0000D+00     0.0000D+00    2.1424D-02	0.0000D+00    2.3600D-02   
sm152   2.5000D-03   2.6047D-10     1.9572D-08    2.1424D-02	3.0442D-08    2.3600D-02   
sm153   2.5000D-03   0.0000D+00     0.0000D+00    2.1424D-02	0.0000D+00    2.3600D-02   
sm154   2.5000D-03   2.2445D-10     4.2987D-10    2.1424D-02	7.0949D-10    2.3600D-02   
eu151   2.5000D-03   1.7464D-10     3.7508D-09    2.1424D-02	5.7899D-09    2.3600D-02   
eu152   2.5000D-03   0.0000D+00     0.0000D+00    2.1424D-02	0.0000D+00    2.3600D-02   
eu153   2.5000D-03   1.9331D-10     3.2209D-09    2.1424D-02	4.9868D-09    2.3600D-02   
eu154   2.5000D-03   0.0000D+00     0.0000D+00    2.1424D-02	0.0000D+00    2.3600D-02   
eu155   2.5000D-03   0.0000D+00     0.0000D+00    2.1424D-02	0.0000D+00    2.3600D-02   
eu156   2.5000D-03   0.0000D+00     0.0000D+00    2.1424D-02	0.0000D+00    2.3600D-02   
eu157   2.5000D-03   0.0000D+00     0.0000D+00    2.1424D-02	0.0000D+00    2.3600D-02   
      					       	       	  		   	       	       		    
ba134   3.0000D-03   3.6327D-10     7.8595D-08    2.1424D-02	8.9428D-08    2.3600D-02   
ba135   3.0000D-03   9.9387D-10     5.3391D-08    2.1424D-02	7.7972D-08    2.3600D-02   
ba136   3.0000D-03   1.1940D-09     2.7340D-07    2.1424D-02	2.9714D-07    2.3600D-02   
ba137   3.0000D-03   1.7173D-09     2.5378D-07    2.1424D-02	6.5824D-07    2.3600D-02   
ba138   3.0000D-03   1.1052D-08     2.7458D-06    2.1424D-02	3.5943D-06    2.3600D-02   
ba139   3.0000D-03   0.0000D+00     0.0000D+00    2.1424D-02	0.0000D+00    2.3600D-02   
ba140   3.0000D-03   0.0000D+00     0.0000D+00    2.1424D-02	0.0000D+00    2.3600D-02   
la139   3.0000D-03   1.5419D-09     2.8610D-07    2.1424D-02	3.7680D-07    2.3600D-02   
la140   3.0000D-03   0.0000D+00     0.0000D+00    2.1424D-02	0.0000D+00    2.3600D-02   
la141   3.0000D-03   0.0000D+00     0.0000D+00    2.1424D-02	0.0000D+00    2.3600D-02   
ce140   3.0000D-03   3.4994D-09     9.4336D-07    2.1424D-02	1.1317D-06    2.3600D-02   
ce141   3.0000D-03   0.0000D+00     0.0000D+00    2.1424D-02	0.0000D+00    2.3600D-02   
ce142   3.0000D-03   4.4500D-10     2.4306D-08    2.1424D-02	1.8471D-07    2.3600D-02   
ce143   3.0000D-03   0.0000D+00     0.0000D+00    2.1424D-02	0.0000D+00    2.3600D-02   
pr141   3.0000D-03   5.8565D-10     9.3117D-08    2.1424D-02	1.1784D-07    2.3600D-02   
pr142   3.0000D-03   0.0000D+00     0.0000D+00    2.1424D-02	0.0000D+00    2.3600D-02   
pr143   3.0000D-03   0.0000D+00     0.0000D+00    2.1424D-02	0.0000D+00    2.3600D-02   
nd142   3.0000D-03   7.9465D-10     2.5224D-07    2.1424D-02	2.4302D-07    2.3600D-02   
nd143   3.0000D-03   3.5566D-10     3.7613D-08    2.1424D-02	5.4697D-08    2.3600D-02   
nd144   3.0000D-03   7.0556D-10     1.2063D-07    2.1424D-02	1.8166D-07    2.3600D-02   
nd145   3.0000D-03   2.4776D-10     2.3004D-08    2.1424D-02	3.4950D-08    2.3600D-02   
nd146   3.0000D-03   5.1564D-10     1.1250D-07    2.1424D-02	1.7270D-07    2.3600D-02   
nd147   3.0000D-03   0.0000D+00     0.0000D+00    2.1424D-02	0.0000D+00    2.3600D-02   
nd148   3.0000D-03   1.7558D-10     9.1297D-09    2.1424D-02	1.9293D-08    2.3600D-02   
nd149   3.0000D-03   0.0000D+00     0.0000D+00    2.1424D-02	0.0000D+00    2.3600D-02   
nd150   3.0000D-03   1.7423D-10     2.3152D-12    2.1424D-02	5.6221D-13    2.3600D-02   
pm147   3.0000D-03   0.0000D+00     0.0000D+00    2.1424D-02	0.0000D+00    2.3600D-02   
pm148   3.0000D-03   0.0000D+00     0.0000D+00    2.1424D-02	0.0000D+00    2.3600D-02   
pm149   3.0000D-03   0.0000D+00     0.0000D+00    2.1424D-02	0.0000D+00    2.3600D-02   
sm147   3.0000D-03   1.4588D-10     1.0231D-08    2.1424D-02	1.5716D-08    2.3600D-02   
sm148   3.0000D-03   1.0748D-10     3.6915D-08    2.1424D-02	5.5826D-08    2.3600D-02   
sm149   3.0000D-03   1.3193D-10     5.6526D-09    2.1424D-02	9.0255D-09    2.3600D-02   
sm150   3.0000D-03   7.1257D-11     2.4406D-08    2.1424D-02	3.9240D-08    2.3600D-02   
sm151   3.0000D-03   0.0000D+00     0.0000D+00    2.1424D-02	0.0000D+00    2.3600D-02   
sm152   3.0000D-03   2.6047D-10     2.0473D-08    2.1424D-02	3.3471D-08    2.3600D-02   
sm153   3.0000D-03   0.0000D+00     0.0000D+00    2.1424D-02	0.0000D+00    2.3600D-02   
sm154   3.0000D-03   2.2445D-10     4.5409D-10    2.1424D-02	7.9615D-10    2.3600D-02   
eu151   3.0000D-03   1.7464D-10     3.9253D-09    2.1424D-02	6.3651D-09    2.3600D-02   
eu152   3.0000D-03   0.0000D+00     0.0000D+00    2.1424D-02	0.0000D+00    2.3600D-02   
eu153   3.0000D-03   1.9331D-10     3.3703D-09    2.1424D-02	5.4844D-09    2.3600D-02   
eu154   3.0000D-03   0.0000D+00     0.0000D+00    2.1424D-02	0.0000D+00    2.3600D-02   
eu155   3.0000D-03   0.0000D+00     0.0000D+00    2.1424D-02	0.0000D+00    2.3600D-02   
eu156   3.0000D-03   0.0000D+00     0.0000D+00    2.1424D-02	0.0000D+00    2.3600D-02   
eu157   3.0000D-03   0.0000D+00     0.0000D+00    2.1424D-02	0.0000D+00    2.3600D-02   
      					       	       	  		   				          
ba134   3.5000D-03   3.6327D-10     8.4372D-08    2.1424D-02	9.7217D-08    2.3600D-02   
ba135   3.5000D-03   9.9387D-10     5.5409D-08    2.1424D-02	8.4854D-08    2.3600D-02   
ba136   3.5000D-03   1.1940D-09     2.8529D-07    2.1424D-02	3.2300D-07    2.3600D-02   
ba137   3.5000D-03   1.7173D-09     2.6098D-07    2.1424D-02	6.9498D-07    2.3600D-02   
ba138   3.5000D-03   1.1052D-08     2.7962D-06    2.1424D-02	3.9062D-06    2.3600D-02   
ba139   3.5000D-03   0.0000D+00     0.0000D+00    2.1424D-02	0.0000D+00    2.3600D-02   
ba140   3.5000D-03   0.0000D+00     0.0000D+00    2.1424D-02	0.0000D+00    2.3600D-02   
la139   3.5000D-03   1.5419D-09     2.9081D-07    2.1424D-02	4.0970D-07    2.3600D-02   
la140   3.5000D-03   0.0000D+00     0.0000D+00    2.1424D-02	0.0000D+00    2.3600D-02   
la141   3.5000D-03   0.0000D+00     0.0000D+00    2.1424D-02	0.0000D+00    2.3600D-02   
ce140   3.5000D-03   3.4994D-09     9.4218D-07    2.1424D-02	1.2409D-06    2.3600D-02   
ce141   3.5000D-03   0.0000D+00     0.0000D+00    2.1424D-02	0.0000D+00    2.3600D-02   
ce142   3.5000D-03   4.4500D-10     2.2294D-08    2.1424D-02	1.9840D-07    2.3600D-02   
ce143   3.5000D-03   0.0000D+00     0.0000D+00    2.1424D-02	0.0000D+00    2.3600D-02   
pr141   3.5000D-03   5.8565D-10     9.2527D-08    2.1424D-02	1.2940D-07    2.3600D-02   
pr142   3.5000D-03   0.0000D+00     0.0000D+00    2.1424D-02	0.0000D+00    2.3600D-02   
pr143   3.5000D-03   0.0000D+00     0.0000D+00    2.1424D-02	0.0000D+00    2.3600D-02   
nd142   3.5000D-03   7.9465D-10     2.5056D-07    2.1424D-02	2.6825D-07    2.3600D-02   
nd143   3.5000D-03   3.5566D-10     3.7121D-08    2.1424D-02	5.9744D-08    2.3600D-02   
nd144   3.5000D-03   7.0556D-10     1.1860D-07    2.1424D-02	1.9817D-07    2.3600D-02   
nd145   3.5000D-03   2.4776D-10     2.2592D-08    2.1424D-02	3.8112D-08    2.3600D-02   
nd146   3.5000D-03   5.1564D-10     1.1018D-07    2.1424D-02	1.8800D-07    2.3600D-02   
nd147   3.5000D-03   0.0000D+00     0.0000D+00    2.1424D-02	0.0000D+00    2.3600D-02   
nd148   3.5000D-03   1.7558D-10     8.7414D-09    2.1424D-02	2.1220D-08    2.3600D-02   
nd149   3.5000D-03   0.0000D+00     0.0000D+00    2.1424D-02	0.0000D+00    2.3600D-02   
nd150   3.5000D-03   1.7423D-10     2.8664D-12    2.1424D-02	6.9439D-13    2.3600D-02   
pm147   3.5000D-03   0.0000D+00     0.0000D+00    2.1424D-02	0.0000D+00    2.3600D-02   
pm148   3.5000D-03   0.0000D+00     0.0000D+00    2.1424D-02	0.0000D+00    2.3600D-02   
pm149   3.5000D-03   0.0000D+00     0.0000D+00    2.1424D-02	0.0000D+00    2.3600D-02   
sm147   3.5000D-03   1.4588D-10     1.0019D-08    2.1424D-02	1.7108D-08    2.3600D-02   
sm148   3.5000D-03   1.0748D-10     3.6119D-08    2.1424D-02	6.0570D-08    2.3600D-02   
sm149   3.5000D-03   1.3193D-10     5.5132D-09    2.1424D-02	9.8136D-09    2.3600D-02   
sm150   3.5000D-03   7.1257D-11     2.3787D-08    2.1424D-02	4.2651D-08    2.3600D-02   
sm151   3.5000D-03   0.0000D+00     0.0000D+00    2.1424D-02	0.0000D+00    2.3600D-02   
sm152   3.5000D-03   2.6047D-10     1.9907D-08    2.1424D-02	3.6353D-08    2.3600D-02   
sm153   3.5000D-03   0.0000D+00     0.0000D+00    2.1424D-02	0.0000D+00    2.3600D-02   
sm154   3.5000D-03   2.2445D-10     4.4176D-10    2.1424D-02	8.8174D-10    2.3600D-02   
eu151   3.5000D-03   1.7464D-10     3.8226D-09    2.1424D-02	6.9125D-09    2.3600D-02   
eu152   3.5000D-03   0.0000D+00     0.0000D+00    2.1424D-02	0.0000D+00    2.3600D-02   
eu153   3.5000D-03   1.9331D-10     3.2780D-09    2.1424D-02	5.9586D-09    2.3600D-02   
eu154   3.5000D-03   0.0000D+00     0.0000D+00    2.1424D-02	0.0000D+00    2.3600D-02   
eu155   3.5000D-03   0.0000D+00     0.0000D+00    2.1424D-02	0.0000D+00    2.3600D-02   
eu156   3.5000D-03   0.0000D+00     0.0000D+00    2.1424D-02	0.0000D+00    2.3600D-02   
eu157   3.5000D-03   0.0000D+00     0.0000D+00    2.1424D-02	0.0000D+00    2.3600D-02   
      					       				   	       	          
ba134   4.0000D-03   3.6327D-10     8.4372D-08    2.1424D-02	1.0327D-07    2.3600D-02   
ba135   4.0000D-03   9.9387D-10     5.6722D-08    2.1424D-02	9.0194D-08    2.3600D-02   
ba136   4.0000D-03   1.1940D-09     2.9354D-07    2.1424D-02	3.4339D-07    2.3600D-02   
ba137   4.0000D-03   1.7173D-09     2.6543D-07    2.1424D-02	7.2127D-07    2.3600D-02   
ba138   4.0000D-03   1.1052D-08     2.7670D-06    2.1424D-02	4.1495D-06    2.3600D-02   
ba139   4.0000D-03   0.0000D+00     0.0000D+00    2.1424D-02	0.0000D+00    2.3600D-02   
ba140   4.0000D-03   0.0000D+00     0.0000D+00    2.1424D-02	0.0000D+00    2.3600D-02   
la139   4.0000D-03   1.5419D-09     2.8626D-07    2.1424D-02	4.3525D-07    2.3600D-02   
la140   4.0000D-03   0.0000D+00     0.0000D+00    2.1424D-02	0.0000D+00    2.3600D-02   
la141   4.0000D-03   0.0000D+00     0.0000D+00    2.1424D-02	0.0000D+00    2.3600D-02   
ce140   4.0000D-03   3.4994D-09     8.9985D-07    2.1424D-02	1.3169D-06    2.3600D-02   
ce141   4.0000D-03   0.0000D+00     0.0000D+00    2.1424D-02	0.0000D+00    2.3600D-02   
ce142   4.0000D-03   4.4500D-10     1.9806D-08    2.1424D-02	2.0579D-07    2.3600D-02   
ce143   4.0000D-03   0.0000D+00     0.0000D+00    2.1424D-02	0.0000D+00    2.3600D-02   
pr141   4.0000D-03   5.8565D-10     8.7877D-08    2.1424D-02	1.3739D-07    2.3600D-02   
pr142   4.0000D-03   0.0000D+00     0.0000D+00    2.1424D-02	0.0000D+00    2.3600D-02   
pr143   4.0000D-03   0.0000D+00     0.0000D+00    2.1424D-02	0.0000D+00    2.3600D-02   
nd142   4.0000D-03   7.9465D-10     2.3640D-07    2.1424D-02	2.8541D-07    2.3600D-02   
nd143   4.0000D-03   3.5566D-10     3.4833D-08    2.1424D-02	6.2935D-08    2.3600D-02   
nd144   4.0000D-03   7.0556D-10     1.1063D-07    2.1424D-02	2.0823D-07    2.3600D-02   
nd145   4.0000D-03   2.4776D-10     2.1045D-08    2.1424D-02	4.0026D-08    2.3600D-02   
nd146   4.0000D-03   5.1564D-10     1.0211D-07    2.1424D-02	1.9687D-07    2.3600D-02   
nd147   4.0000D-03   0.0000D+00     0.0000D+00    2.1424D-02	0.0000D+00    2.3600D-02   
nd148   4.0000D-03   1.7558D-10     7.9282D-09    2.1424D-02	2.2376D-08    2.3600D-02   
nd149   4.0000D-03   0.0000D+00     0.0000D+00    2.1424D-02	0.0000D+00    2.3600D-02   
nd150   4.0000D-03   1.7423D-10     3.4458D-12    2.1424D-02	8.3304D-13    2.3600D-02   
pm147   4.0000D-03   0.0000D+00     0.0000D+00    2.1424D-02	0.0000D+00    2.3600D-02   
pm148   4.0000D-03   0.0000D+00     0.0000D+00    2.1424D-02	0.0000D+00    2.3600D-02   
pm149   4.0000D-03   0.0000D+00     0.0000D+00    2.1424D-02	0.0000D+00    2.3600D-02   
sm147   4.0000D-03   1.4588D-10     9.2813D-09    2.1424D-02	1.7911D-08    2.3600D-02   
sm148   4.0000D-03   1.0748D-10     3.3412D-08    2.1424D-02	6.3199D-08    2.3600D-02   
sm149   4.0000D-03   1.3193D-10     5.0851D-09    2.1424D-02	1.0256D-08    2.3600D-02   
sm150   4.0000D-03   7.1257D-11     2.1915D-08    2.1424D-02	4.4543D-08    2.3600D-02   
sm151   4.0000D-03   0.0000D+00     0.0000D+00    2.1424D-02	0.0000D+00    2.3600D-02   
sm152   4.0000D-03   2.6047D-10     1.8294D-08    2.1424D-02	3.7926D-08    2.3600D-02   
sm153   4.0000D-03   0.0000D+00     0.0000D+00    2.1424D-02	0.0000D+00    2.3600D-02   
sm154   4.0000D-03   2.2445D-10     4.0524D-10    2.1424D-02	9.3458D-10    2.3600D-02   
eu151   4.0000D-03   1.7464D-10     3.5193D-09    2.1424D-02	7.2137D-09    2.3600D-02   
eu152   4.0000D-03   0.0000D+00     0.0000D+00    2.1424D-02	0.0000D+00    2.3600D-02   
eu153   4.0000D-03   1.9331D-10     3.0130D-09    2.1424D-02	6.2178D-09    2.3600D-02   
eu154   4.0000D-03   0.0000D+00     0.0000D+00    2.1424D-02	0.0000D+00    2.3600D-02   
eu155   4.0000D-03   0.0000D+00     0.0000D+00    2.1424D-02	0.0000D+00    2.3600D-02   
eu156   4.0000D-03   0.0000D+00     0.0000D+00    2.1424D-02	0.0000D+00    2.3600D-02   
eu157   4.0000D-03   0.0000D+00     0.0000D+00    2.1424D-02	0.0000D+00    2.3600D-02   
      					       	       	  		   	       	       		    
ba134   4.5000D-03   3.6327D-10     8.5919D-08    2.1424D-02	1.0816D-07    2.3600D-02   
ba135   4.5000D-03   9.9387D-10     5.7468D-08    2.1424D-02	9.4628D-08    2.3600D-02   
ba136   4.5000D-03   1.1940D-09     2.9853D-07    2.1424D-02	3.6034D-07    2.3600D-02   
ba137   4.5000D-03   1.7173D-09     2.6709D-07    2.1424D-02	7.4175D-07    2.3600D-02   
ba138   4.5000D-03   1.1052D-08     2.6620D-06    2.1424D-02	4.3125D-06    2.3600D-02   
ba139   4.5000D-03   0.0000D+00     0.0000D+00    2.1424D-02	0.0000D+00    2.3600D-02   
ba140   4.5000D-03   0.0000D+00     0.0000D+00    2.1424D-02	0.0000D+00    2.3600D-02   
la139   4.5000D-03   1.5419D-09     2.7305D-07    2.1424D-02	4.5160D-07    2.3600D-02   
la140   4.5000D-03   0.0000D+00     0.0000D+00    2.1424D-02	0.0000D+00    2.3600D-02   
la141   4.5000D-03   0.0000D+00     0.0000D+00    2.1424D-02	0.0000D+00    2.3600D-02   
ce140   4.5000D-03   3.4994D-09     8.2717D-07    2.1424D-02	1.3494D-06    2.3600D-02   
ce141   4.5000D-03   0.0000D+00     0.0000D+00    2.1424D-02	0.0000D+00    2.3600D-02   
ce142   4.5000D-03   4.4500D-10     1.7086D-08    2.1424D-02	2.0613D-07    2.3600D-02   
ce143   4.5000D-03   0.0000D+00     0.0000D+00    2.1424D-02	0.0000D+00    2.3600D-02   
pr141   4.5000D-03   5.8565D-10     8.0308D-08    2.1424D-02	1.4071D-07    2.3600D-02   
pr142   4.5000D-03   0.0000D+00     0.0000D+00    2.1424D-02	0.0000D+00    2.3600D-02   
pr143   4.5000D-03   0.0000D+00     0.0000D+00    2.1424D-02	0.0000D+00    2.3600D-02   
nd142   4.5000D-03   7.9465D-10     2.1396D-07    2.1424D-02	2.9161D-07    2.3600D-02   
nd143   4.5000D-03   3.5566D-10     3.1375D-08    2.1424D-02	6.3782D-08    2.3600D-02   
nd144   4.5000D-03   7.0556D-10     9.8985D-08    2.1424D-02	2.1027D-07    2.3600D-02   
nd145   4.5000D-03   2.4776D-10     1.8802D-08    2.1424D-02	4.0386D-08    2.3600D-02   
nd146   4.5000D-03   5.1564D-10     9.0688D-08    2.1424D-02	1.9780D-07    2.3600D-02   
nd147   4.5000D-03   0.0000D+00     0.0000D+00    2.1424D-02	0.0000D+00    2.3600D-02   
nd148   4.5000D-03   1.7558D-10     6.9042D-09    2.1424D-02	2.2574D-08    2.3600D-02   
nd149   4.5000D-03   0.0000D+00     0.0000D+00    2.1424D-02	0.0000D+00    2.3600D-02   
nd150   4.5000D-03   1.7423D-10     4.0530D-12    2.1424D-02	9.7685D-13    2.3600D-02   
pm147   4.5000D-03   0.0000D+00     0.0000D+00    2.1424D-02	0.0000D+00    2.3600D-02   
pm148   4.5000D-03   0.0000D+00     0.0000D+00    2.1424D-02	0.0000D+00    2.3600D-02   
pm149   4.5000D-03   0.0000D+00     0.0000D+00    2.1424D-02	0.0000D+00    2.3600D-02   
sm147   4.5000D-03   1.4588D-10     8.2398D-09    2.1424D-02	1.7991D-08    2.3600D-02   
sm148   4.5000D-03   1.0748D-10     2.9612D-08    2.1424D-02	6.3259D-08    2.3600D-02   
sm149   4.5000D-03   1.3193D-10     4.4949D-09    2.1424D-02	1.0276D-08    2.3600D-02   
sm150   4.5000D-03   7.1257D-11     1.9348D-08    2.1424D-02	4.4588D-08    2.3600D-02   
sm151   4.5000D-03   0.0000D+00     0.0000D+00    2.1424D-02	0.0000D+00    2.3600D-02   
sm152   4.5000D-03   2.6047D-10     1.6113D-08    2.1424D-02	3.7914D-08    2.3600D-02   
sm153   4.5000D-03   0.0000D+00     0.0000D+00    2.1424D-02	0.0000D+00    2.3600D-02   
sm154   4.5000D-03   2.2445D-10     3.5612D-10    2.1424D-02	9.4564D-10    2.3600D-02   
eu151   4.5000D-03   1.7464D-10     3.1051D-09    2.1424D-02	7.2161D-09    2.3600D-02   
eu152   4.5000D-03   0.0000D+00     0.0000D+00    2.1424D-02	0.0000D+00    2.3600D-02   
eu153   4.5000D-03   1.9331D-10     2.6541D-09    2.1424D-02	6.2167D-09    2.3600D-02   
eu154   4.5000D-03   0.0000D+00     0.0000D+00    2.1424D-02	0.0000D+00    2.3600D-02   
eu155   4.5000D-03   0.0000D+00     0.0000D+00    2.1424D-02	0.0000D+00    2.3600D-02   
eu156   4.5000D-03   0.0000D+00     0.0000D+00    2.1424D-02	0.0000D+00    2.3600D-02   
eu157   4.5000D-03   0.0000D+00     0.0000D+00    2.1424D-02	0.0000D+00    2.3600D-02   
      					       	       	  		   				          
ba134   5.0000D-03   3.6327D-10     8.6287D-08    2.1424D-02	1.1230D-07    2.3600D-02   
ba135   5.0000D-03   9.9387D-10     5.7404D-08    2.1424D-02	9.8351D-08    2.3600D-02   
ba136   5.0000D-03   1.1940D-09     2.9860D-07    2.1424D-02	3.7495D-07    2.3600D-02   
ba137   5.0000D-03   1.7173D-09     2.6424D-07    2.1424D-02	7.5776D-07    2.3600D-02   
ba138   5.0000D-03   1.1052D-08     2.4923D-06    2.1424D-02	4.3875D-06    2.3600D-02   
ba139   5.0000D-03   0.0000D+00     0.0000D+00    2.1424D-02	0.0000D+00    2.3600D-02   
ba140   5.0000D-03   0.0000D+00     0.0000D+00    2.1424D-02	0.0000D+00    2.3600D-02   
la139   5.0000D-03   1.5419D-09     2.5297D-07    2.1424D-02	4.5779D-07    2.3600D-02   
la140   5.0000D-03   0.0000D+00     0.0000D+00    2.1424D-02	0.0000D+00    2.3600D-02   
la141   5.0000D-03   0.0000D+00     0.0000D+00    2.1424D-02	0.0000D+00    2.3600D-02   
ce140   5.0000D-03   3.4994D-09     7.3937D-07    2.1424D-02	1.3394D-06    2.3600D-02   
ce141   5.0000D-03   0.0000D+00     0.0000D+00    2.1424D-02	0.0000D+00    2.3600D-02   
ce142   5.0000D-03   4.4500D-10     1.4433D-08    2.1424D-02	2.0023D-07    2.3600D-02   
ce143   5.0000D-03   0.0000D+00     0.0000D+00    2.1424D-02	0.0000D+00    2.3600D-02   
pr141   5.0000D-03   5.8565D-10     7.1391D-08    2.1424D-02	1.3951D-07    2.3600D-02   
pr142   5.0000D-03   0.0000D+00     0.0000D+00    2.1424D-02	0.0000D+00    2.3600D-02   
pr143   5.0000D-03   0.0000D+00     0.0000D+00    2.1424D-02	0.0000D+00    2.3600D-02   
nd142   5.0000D-03   7.9465D-10     1.8849D-07    2.1424D-02	2.8751D-07    2.3600D-02   
nd143   5.0000D-03   3.5566D-10     2.7526D-08    2.1424D-02	6.2479D-08    2.3600D-02   
nd144   5.0000D-03   7.0556D-10     8.6329D-08    2.1424D-02	2.0506D-07    2.3600D-02   
nd145   5.0000D-03   2.4776D-10     1.6377D-08    2.1424D-02	3.9351D-08    2.3600D-02   
nd146   5.0000D-03   5.1564D-10     7.8597D-08    2.1424D-02	1.9177D-07    2.3600D-02   
nd147   5.0000D-03   0.0000D+00     0.0000D+00    2.1424D-02	0.0000D+00    2.3600D-02   
nd148   5.0000D-03   1.7558D-10     5.8856D-09    2.1424D-02	2.1932D-08    2.3600D-02   
nd149   5.0000D-03   0.0000D+00     0.0000D+00    2.1424D-02	0.0000D+00    2.3600D-02   
nd150   5.0000D-03   1.7423D-10     4.6880D-12    2.1424D-02	1.1258D-12    2.3600D-02   
pm147   5.0000D-03   0.0000D+00     0.0000D+00    2.1424D-02	0.0000D+00    2.3600D-02   
pm148   5.0000D-03   0.0000D+00     0.0000D+00    2.1424D-02	0.0000D+00    2.3600D-02   
pm149   5.0000D-03   0.0000D+00     0.0000D+00    2.1424D-02	0.0000D+00    2.3600D-02   
sm147   5.0000D-03   1.4588D-10     7.1387D-09    2.1424D-02	1.7435D-08    2.3600D-02   
sm148   5.0000D-03   1.0748D-10     2.5618D-08    2.1424D-02	6.1095D-08    2.3600D-02   
sm149   5.0000D-03   1.3193D-10     3.8802D-09    2.1424D-02	9.9314D-09    2.3600D-02   
sm150   5.0000D-03   7.1257D-11     1.6685D-08    2.1424D-02	4.3043D-08    2.3600D-02   
sm151   5.0000D-03   0.0000D+00     0.0000D+00    2.1424D-02	0.0000D+00    2.3600D-02   
sm152   5.0000D-03   2.6047D-10     1.3869D-08    2.1424D-02	3.6548D-08    2.3600D-02   
sm153   5.0000D-03   0.0000D+00     0.0000D+00    2.1424D-02	0.0000D+00    2.3600D-02   
sm154   5.0000D-03   2.2445D-10     3.0630D-10    2.1424D-02	9.1996D-10    2.3600D-02   
eu151   5.0000D-03   1.7464D-10     2.6766D-09    2.1424D-02	6.9621D-09    2.3600D-02   
eu152   5.0000D-03   0.0000D+00     0.0000D+00    2.1424D-02	0.0000D+00    2.3600D-02   
eu153   5.0000D-03   1.9331D-10     2.2848D-09    2.1424D-02	5.9932D-09    2.3600D-02   
eu154   5.0000D-03   0.0000D+00     0.0000D+00    2.1424D-02	0.0000D+00    2.3600D-02   
eu155   5.0000D-03   0.0000D+00     0.0000D+00    2.1424D-02	0.0000D+00    2.3600D-02   
eu156   5.0000D-03   0.0000D+00     0.0000D+00    2.1424D-02	0.0000D+00    2.3600D-02   
eu157   5.0000D-03   0.0000D+00     0.0000D+00    2.1424D-02	0.0000D+00    2.3600D-02   
      					       	       	  		   				          
ba134   6.0000D-03   3.6327D-10     8.2390D-08    2.1424D-02	1.1817D-07    2.3600D-02   
ba135   6.0000D-03   9.9387D-10     5.4039D-08    2.1424D-02	1.0359D-07    2.3600D-02   
ba136   6.0000D-03   1.1940D-09     2.8060D-07    2.1424D-02	3.9553D-07    2.3600D-02   
ba137   6.0000D-03   1.7173D-09     2.4245D-07    2.1424D-02	7.7135D-07    2.3600D-02   
ba138   6.0000D-03   1.1052D-08     2.0649D-06    2.1424D-02	4.2759D-06    2.3600D-02   
ba139   6.0000D-03   0.0000D+00     0.0000D+00    2.1424D-02	0.0000D+00    2.3600D-02   
ba140   6.0000D-03   0.0000D+00     0.0000D+00    2.1424D-02	0.0000D+00    2.3600D-02   
la139   6.0000D-03   1.5419D-09     2.0563D-07    2.1424D-02	4.4069D-07    2.3600D-02   
la140   6.0000D-03   0.0000D+00     0.0000D+00    2.1424D-02	0.0000D+00    2.3600D-02   
la141   6.0000D-03   0.0000D+00     0.0000D+00    2.1424D-02	0.0000D+00    2.3600D-02   
ce140   6.0000D-03   3.4994D-09     5.7443D-07    2.1424D-02	1.2232D-06    2.3600D-02   
ce141   6.0000D-03   0.0000D+00     0.0000D+00    2.1424D-02	0.0000D+00    2.3600D-02   
ce142   6.0000D-03   4.4500D-10     1.0111D-08    2.1424D-02	1.7603D-07    2.3600D-02   
ce143   6.0000D-03   0.0000D+00     0.0000D+00    2.1424D-02	0.0000D+00    2.3600D-02   
pr141   6.0000D-03   5.8565D-10     5.4991D-08    2.1424D-02	1.2702D-07    2.3600D-02   
pr142   6.0000D-03   0.0000D+00     0.0000D+00    2.1424D-02	0.0000D+00    2.3600D-02   
pr143   6.0000D-03   0.0000D+00     0.0000D+00    2.1424D-02	0.0000D+00    2.3600D-02   
nd142   6.0000D-03   7.9465D-10     1.4440D-07    2.1424D-02	2.5770D-07    2.3600D-02   
nd143   6.0000D-03   3.5566D-10     2.0946D-08    2.1424D-02	5.5482D-08    2.3600D-02   
nd144   6.0000D-03   7.0556D-10     6.5331D-08    2.1424D-02	1.8040D-07    2.3600D-02   
nd145   6.0000D-03   2.4776D-10     1.2377D-08    2.1424D-02	3.4554D-08    2.3600D-02   
nd146   6.0000D-03   5.1564D-10     5.9229D-08    2.1424D-02	1.6663D-07    2.3600D-02   
nd147   6.0000D-03   0.0000D+00     0.0000D+00    2.1424D-02	0.0000D+00    2.3600D-02   
nd148   6.0000D-03   1.7558D-10     4.3087D-09    2.1424D-02	1.9101D-08    2.3600D-02   
nd149   6.0000D-03   0.0000D+00     0.0000D+00    2.1424D-02	0.0000D+00    2.3600D-02   
nd150   6.0000D-03   1.7423D-10     6.0697D-12    2.1424D-02	1.4327D-12    2.3600D-02   
pm147   6.0000D-03   0.0000D+00     0.0000D+00    2.1424D-02	0.0000D+00    2.3600D-02   
pm148   6.0000D-03   0.0000D+00     0.0000D+00    2.1424D-02	0.0000D+00    2.3600D-02   
pm149   6.0000D-03   0.0000D+00     0.0000D+00    2.1424D-02	0.0000D+00    2.3600D-02   
sm147   6.0000D-03   1.4588D-10     5.3789D-09    2.1424D-02	1.5137D-08    2.3600D-02   
sm148   6.0000D-03   1.0748D-10     1.9304D-08    2.1424D-02	5.2694D-08    2.3600D-02   
sm149   6.0000D-03   1.3193D-10     2.9126D-09    2.1424D-02	8.5747D-09    2.3600D-02   
sm150   6.0000D-03   7.1257D-11     1.2519D-08    2.1424D-02	3.7077D-08    2.3600D-02   
sm151   6.0000D-03   0.0000D+00     0.0000D+00    2.1424D-02	0.0000D+00    2.3600D-02   
sm152   6.0000D-03   2.6047D-10     1.0386D-08    2.1424D-02	3.1396D-08    2.3600D-02   
sm153   6.0000D-03   0.0000D+00     0.0000D+00    2.1424D-02	0.0000D+00    2.3600D-02   
sm154   6.0000D-03   2.2445D-10     2.2938D-10    2.1424D-02	8.0147D-10    2.3600D-02   
eu151   6.0000D-03   1.7464D-10     2.0071D-09    2.1424D-02	5.9909D-09    2.3600D-02   
eu152   6.0000D-03   0.0000D+00     0.0000D+00    2.1424D-02	0.0000D+00    2.3600D-02   
eu153   6.0000D-03   1.9331D-10     1.7114D-09    2.1424D-02	5.1486D-09    2.3600D-02   
eu154   6.0000D-03   0.0000D+00     0.0000D+00    2.1424D-02	0.0000D+00    2.3600D-02   
eu155   6.0000D-03   0.0000D+00     0.0000D+00    2.1424D-02	0.0000D+00    2.3600D-02   
eu156   6.0000D-03   0.0000D+00     0.0000D+00    2.1424D-02	0.0000D+00    2.3600D-02   
eu157   6.0000D-03   0.0000D+00     0.0000D+00    2.1424D-02	0.0000D+00    2.3600D-02   
      					       				   	       	       		    
ba134   7.0000D-03   3.6327D-10     7.3595D-08    2.1424D-02	1.2001D-07    2.3600D-02   
ba135   7.0000D-03   9.9387D-10     4.7938D-08    2.1424D-02	1.0491D-07    2.3600D-02   
ba136   7.0000D-03   1.1940D-09     2.4653D-07    2.1424D-02	4.0034D-07    2.3600D-02   
ba137   7.0000D-03   1.7173D-09     2.0887D-07    2.1424D-02	7.5246D-07    2.3600D-02   
ba138   7.0000D-03   1.1052D-08     1.6782D-06    2.1424D-02	3.9168D-06    2.3600D-02   
ba139   7.0000D-03   0.0000D+00     0.0000D+00    2.1424D-02	0.0000D+00    2.3600D-02   
ba140   7.0000D-03   0.0000D+00     0.0000D+00    2.1424D-02	0.0000D+00    2.3600D-02   
la139   7.0000D-03   1.5419D-09     1.6556D-07    2.1424D-02	3.9767D-07    2.3600D-02   
la140   7.0000D-03   0.0000D+00     0.0000D+00    2.1424D-02	0.0000D+00    2.3600D-02   
la141   7.0000D-03   0.0000D+00     0.0000D+00    2.1424D-02	0.0000D+00    2.3600D-02   
ce140   7.0000D-03   3.4994D-09     4.6051D-07    2.1424D-02	1.0534D-06    2.3600D-02   
ce141   7.0000D-03   0.0000D+00     0.0000D+00    2.1424D-02	0.0000D+00    2.3600D-02   
ce142   7.0000D-03   4.4500D-10     7.6271D-09    2.1424D-02	1.4714D-07    2.3600D-02   
ce143   7.0000D-03   0.0000D+00     0.0000D+00    2.1424D-02	0.0000D+00    2.3600D-02   
pr141   7.0000D-03   5.8565D-10     4.3978D-08    2.1424D-02	1.0909D-07    2.3600D-02   
pr142   7.0000D-03   0.0000D+00     0.0000D+00    2.1424D-02	0.0000D+00    2.3600D-02   
pr143   7.0000D-03   0.0000D+00     0.0000D+00    2.1424D-02	0.0000D+00    2.3600D-02   
nd142   7.0000D-03   7.9465D-10     1.1634D-07    2.1424D-02	2.1830D-07    2.3600D-02   
nd143   7.0000D-03   3.5566D-10     1.6833D-08    2.1424D-02	4.6682D-08    2.3600D-02   
nd144   7.0000D-03   7.0556D-10     5.2599D-08    2.1424D-02	1.5062D-07    2.3600D-02   
nd145   7.0000D-03   2.4776D-10     9.9680D-09    2.1424D-02	2.8808D-08    2.3600D-02   
nd146   7.0000D-03   5.1564D-10     4.7876D-08    2.1424D-02	1.3778D-07    2.3600D-02   
nd147   7.0000D-03   0.0000D+00     0.0000D+00    2.1424D-02	0.0000D+00    2.3600D-02   
nd148   7.0000D-03   1.7558D-10     3.4545D-09    2.1424D-02	1.5841D-08    2.3600D-02   
nd149   7.0000D-03   0.0000D+00     0.0000D+00    2.1424D-02	0.0000D+00    2.3600D-02   
nd150   7.0000D-03   1.7423D-10     7.4652D-12    2.1424D-02	1.7705D-12    2.3600D-02   
pm147   7.0000D-03   0.0000D+00     0.0000D+00    2.1424D-02	0.0000D+00    2.3600D-02   
pm148   7.0000D-03   0.0000D+00     0.0000D+00    2.1424D-02	0.0000D+00    2.3600D-02   
pm149   7.0000D-03   0.0000D+00     0.0000D+00    2.1424D-02	0.0000D+00    2.3600D-02   
sm147   7.0000D-03   1.4588D-10     4.3506D-09    2.1424D-02	1.2508D-08    2.3600D-02   
sm148   7.0000D-03   1.0748D-10     1.5628D-08    2.1424D-02	4.3316D-08    2.3600D-02   
sm149   7.0000D-03   1.3193D-10     2.3555D-09    2.1424D-02	7.0563D-09    2.3600D-02   
sm150   7.0000D-03   7.1257D-11     1.0136D-08    2.1424D-02	3.0457D-08    2.3600D-02   
sm151   7.0000D-03   0.0000D+00     0.0000D+00    2.1424D-02	0.0000D+00    2.3600D-02   
sm152   7.0000D-03   2.6047D-10     8.4162D-09    2.1424D-02	2.5741D-08    2.3600D-02   
sm153   7.0000D-03   0.0000D+00     0.0000D+00    2.1424D-02	0.0000D+00    2.3600D-02   
sm154   7.0000D-03   2.2445D-10     1.8847D-10    2.1424D-02	6.6497D-10    2.3600D-02   
eu151   7.0000D-03   1.7464D-10     1.6249D-09    2.1424D-02	4.9178D-09    2.3600D-02   
eu152   7.0000D-03   0.0000D+00     0.0000D+00    2.1424D-02	0.0000D+00    2.3600D-02   
eu153   7.0000D-03   1.9331D-10     1.3868D-09    2.1424D-02	4.2213D-09    2.3600D-02   
eu154   7.0000D-03   0.0000D+00     0.0000D+00    2.1424D-02	0.0000D+00    2.3600D-02   
eu155   7.0000D-03   0.0000D+00     0.0000D+00    2.1424D-02	0.0000D+00    2.3600D-02   
eu156   7.0000D-03   0.0000D+00     0.0000D+00    2.1424D-02	0.0000D+00    2.3600D-02   
eu157   7.0000D-03   0.0000D+00     0.0000D+00    2.1424D-02	0.0000D+00    2.3600D-02   
      					       	       	  		   	       	       		    
ba134   8.0000D-03   3.6327D-10     6.3436D-08    2.1424D-02	1.1650D-07    2.3600D-02   
ba135   8.0000D-03   9.9387D-10     4.1090D-08    2.1424D-02	1.0152D-07    2.3600D-02   
ba136   8.0000D-03   1.1940D-09     2.0966D-07    2.1424D-02	3.8562D-07    2.3600D-02   
ba137   8.0000D-03   1.7173D-09     1.7502D-07    2.1424D-02	7.0046D-07    2.3600D-02   
ba138   8.0000D-03   1.1052D-08     1.3912D-06    2.1424D-02	3.4493D-06    2.3600D-02   
ba139   8.0000D-03   0.0000D+00     0.0000D+00    2.1424D-02	0.0000D+00    2.3600D-02   
ba140   8.0000D-03   0.0000D+00     0.0000D+00    2.1424D-02	0.0000D+00    2.3600D-02   
la139   8.0000D-03   1.5419D-09     1.3740D-07    2.1424D-02	3.4573D-07    2.3600D-02   
la140   8.0000D-03   0.0000D+00     0.0000D+00    2.1424D-02	0.0000D+00    2.3600D-02   
la141   8.0000D-03   0.0000D+00     0.0000D+00    2.1424D-02	0.0000D+00    2.3600D-02   
ce140   8.0000D-03   3.4994D-09     3.8846D-07    2.1424D-02	8.9171D-07    2.3600D-02   
ce141   8.0000D-03   0.0000D+00     0.0000D+00    2.1424D-02	0.0000D+00    2.3600D-02   
ce142   8.0000D-03   4.4500D-10     6.1111D-09    2.1424D-02	1.2225D-07    2.3600D-02   
ce143   8.0000D-03   0.0000D+00     0.0000D+00    2.1424D-02	0.0000D+00    2.3600D-02   
pr141   8.0000D-03   5.8565D-10     3.7082D-08    2.1424D-02	9.2274D-08    2.3600D-02   
pr142   8.0000D-03   0.0000D+00     0.0000D+00    2.1424D-02	0.0000D+00    2.3600D-02   
pr143   8.0000D-03   0.0000D+00     0.0000D+00    2.1424D-02	0.0000D+00    2.3600D-02   
nd142   8.0000D-03   7.9465D-10     9.9278D-08    2.1424D-02	1.8324D-07    2.3600D-02   
nd143   8.0000D-03   3.5566D-10     1.4340D-08    2.1424D-02	3.9003D-08    2.3600D-02   
nd144   8.0000D-03   7.0556D-10     4.4960D-08    2.1424D-02	1.2533D-07    2.3600D-02   
nd145   8.0000D-03   2.4776D-10     8.5252D-09    2.1424D-02	2.3951D-08    2.3600D-02   
nd146   8.0000D-03   5.1564D-10     4.1127D-08    2.1424D-02	1.1406D-07    2.3600D-02   
nd147   8.0000D-03   0.0000D+00     0.0000D+00    2.1424D-02	0.0000D+00    2.3600D-02   
nd148   8.0000D-03   1.7558D-10     2.9339D-09    2.1424D-02	1.3233D-08    2.3600D-02   
nd149   8.0000D-03   0.0000D+00     0.0000D+00    2.1424D-02	0.0000D+00    2.3600D-02   
nd150   8.0000D-03   1.7423D-10     8.9217D-12    2.1424D-02	2.1053D-12    2.3600D-02   
pm147   8.0000D-03   0.0000D+00     0.0000D+00    2.1424D-02	0.0000D+00    2.3600D-02   
pm148   8.0000D-03   0.0000D+00     0.0000D+00    2.1424D-02	0.0000D+00    2.3600D-02   
pm149   8.0000D-03   0.0000D+00     0.0000D+00    2.1424D-02	0.0000D+00    2.3600D-02   
sm147   8.0000D-03   1.4588D-10     3.7398D-09    2.1424D-02	1.0352D-08    2.3600D-02   
sm148   8.0000D-03   1.0748D-10     1.3457D-08    2.1424D-02	3.5709D-08    2.3600D-02   
sm149   8.0000D-03   1.3193D-10     2.0252D-09    2.1424D-02	5.8296D-09    2.3600D-02   
sm150   8.0000D-03   7.1257D-11     8.7253D-09    2.1424D-02	2.5146D-08    2.3600D-02   
sm151   8.0000D-03   0.0000D+00     0.0000D+00    2.1424D-02	0.0000D+00    2.3600D-02   
sm152   8.0000D-03   2.6047D-10     7.2498D-09    2.1424D-02	2.1240D-08    2.3600D-02   
sm153   8.0000D-03   0.0000D+00     0.0000D+00    2.1424D-02	0.0000D+00    2.3600D-02   
sm154   8.0000D-03   2.2445D-10     1.6394D-10    2.1424D-02	5.5739D-10    2.3600D-02   
eu151   8.0000D-03   1.7464D-10     1.3986D-09    2.1424D-02	4.0582D-09    2.3600D-02   
eu152   8.0000D-03   0.0000D+00     0.0000D+00    2.1424D-02	0.0000D+00    2.3600D-02   
eu153   8.0000D-03   1.9331D-10     1.1946D-09    2.1424D-02	3.4831D-09    2.3600D-02   
eu154   8.0000D-03   0.0000D+00     0.0000D+00    2.1424D-02	0.0000D+00    2.3600D-02   
eu155   8.0000D-03   0.0000D+00     0.0000D+00    2.1424D-02	0.0000D+00    2.3600D-02   
eu156   8.0000D-03   0.0000D+00     0.0000D+00    2.1424D-02	0.0000D+00    2.3600D-02   
eu157   8.0000D-03   0.0000D+00     0.0000D+00    2.1424D-02	0.0000D+00    2.3600D-02   
      					       	       	  		   	       	          
ba134   9.0000D-03   3.6327D-10     5.4209D-08    2.1424D-02	1.0885D-07    2.3600D-02   
ba135   9.0000D-03   9.9387D-10     3.4992D-08    2.1424D-02	9.4571D-08    2.3600D-02   
ba136   9.0000D-03   1.1940D-09     1.7786D-07    2.1424D-02	3.5691D-07    2.3600D-02   
ba137   9.0000D-03   1.7173D-09     1.4717D-07    2.1424D-02	6.2912D-07    2.3600D-02   
ba138   9.0000D-03   1.1052D-08     1.1918D-06    2.1424D-02	3.0004D-06    2.3600D-02   
ba139   9.0000D-03   0.0000D+00     0.0000D+00    2.1424D-02	0.0000D+00    2.3600D-02   
ba140   9.0000D-03   0.0000D+00     0.0000D+00    2.1424D-02	0.0000D+00    2.3600D-02   
la139   9.0000D-03   1.5419D-09     1.1843D-07    2.1424D-02	2.9834D-07    2.3600D-02   
la140   9.0000D-03   0.0000D+00     0.0000D+00    2.1424D-02	0.0000D+00    2.3600D-02   
la141   9.0000D-03   0.0000D+00     0.0000D+00    2.1424D-02	0.0000D+00    2.3600D-02   
ce140   9.0000D-03   3.4994D-09     3.3983D-07    2.1424D-02	7.6566D-07    2.3600D-02   
ce141   9.0000D-03   0.0000D+00     0.0000D+00    2.1424D-02	0.0000D+00    2.3600D-02   
ce142   9.0000D-03   4.4500D-10     5.0963D-09    2.1424D-02	1.0363D-07    2.3600D-02   
ce143   9.0000D-03   0.0000D+00     0.0000D+00    2.1424D-02	0.0000D+00    2.3600D-02   
pr141   9.0000D-03   5.8565D-10     3.2417D-08    2.1424D-02	7.9316D-08    2.3600D-02   
pr142   9.0000D-03   0.0000D+00     0.0000D+00    2.1424D-02	0.0000D+00    2.3600D-02   
pr143   9.0000D-03   0.0000D+00     0.0000D+00    2.1424D-02	0.0000D+00    2.3600D-02   
nd142   9.0000D-03   7.9465D-10     8.7504D-08    2.1424D-02	1.5749D-07    2.3600D-02   
nd143   9.0000D-03   3.5566D-10     1.2617D-08    2.1424D-02	3.3355D-08    2.3600D-02   
nd144   9.0000D-03   7.0556D-10     3.9605D-08    2.1424D-02	1.0706D-07    2.3600D-02   
nd145   9.0000D-03   2.4776D-10     7.5110D-09    2.1424D-02	2.0457D-08    2.3600D-02   
nd146   9.0000D-03   5.1564D-10     3.6305D-08    2.1424D-02	9.7347D-08    2.3600D-02   
nd147   9.0000D-03   0.0000D+00     0.0000D+00    2.1424D-02	0.0000D+00    2.3600D-02   
nd148   9.0000D-03   1.7558D-10     2.5495D-09    2.1424D-02	1.1430D-08    2.3600D-02   
nd149   9.0000D-03   0.0000D+00     0.0000D+00    2.1424D-02	0.0000D+00    2.3600D-02   
nd150   9.0000D-03   1.7423D-10     1.0432D-11    2.1424D-02	2.4527D-12    2.3600D-02   
pm147   9.0000D-03   0.0000D+00     0.0000D+00    2.1424D-02	0.0000D+00    2.3600D-02   
pm148   9.0000D-03   0.0000D+00     0.0000D+00    2.1424D-02	0.0000D+00    2.3600D-02   
pm149   9.0000D-03   0.0000D+00     0.0000D+00    2.1424D-02	0.0000D+00    2.3600D-02   
sm147   9.0000D-03   1.4588D-10     3.3025D-09    2.1424D-02	8.8358D-09    2.3600D-02   
sm148   9.0000D-03   1.0748D-10     1.1897D-08    2.1424D-02	3.0398D-08    2.3600D-02   
sm149   9.0000D-03   1.3193D-10     1.7869D-09    2.1424D-02	4.9757D-09    2.3600D-02   
sm150   9.0000D-03   7.1257D-11     7.7034D-09    2.1424D-02	2.1465D-08    2.3600D-02   
sm151   9.0000D-03   0.0000D+00     0.0000D+00    2.1424D-02	0.0000D+00    2.3600D-02   
sm152   9.0000D-03   2.6047D-10     6.3997D-09    2.1424D-02	1.8137D-08    2.3600D-02   
sm153   9.0000D-03   0.0000D+00     0.0000D+00    2.1424D-02	0.0000D+00    2.3600D-02   
sm154   9.0000D-03   2.2445D-10     1.4560D-10    2.1424D-02	4.8441D-10    2.3600D-02   
eu151   9.0000D-03   1.7464D-10     1.2347D-09    2.1424D-02	3.4631D-09    2.3600D-02   
eu152   9.0000D-03   0.0000D+00     0.0000D+00    2.1424D-02	0.0000D+00    2.3600D-02   
eu153   9.0000D-03   1.9331D-10     1.0546D-09    2.1424D-02	2.9745D-09    2.3600D-02   
eu154   9.0000D-03   0.0000D+00     0.0000D+00    2.1424D-02	0.0000D+00    2.3600D-02   
eu155   9.0000D-03   0.0000D+00     0.0000D+00    2.1424D-02	0.0000D+00    2.3600D-02   
eu156   9.0000D-03   0.0000D+00     0.0000D+00    2.1424D-02	0.0000D+00    2.3600D-02   
eu157   9.0000D-03   0.0000D+00     0.0000D+00    2.1424D-02	0.0000D+00    2.3600D-02   
      					       				   	       	          
ba134   1.0000D-02   3.6327D-10     4.6871D-08    1.1856D-02	1.0119D-07    1.3100D-02   
ba135   1.0000D-02   9.9387D-10     3.0202D-08    1.1856D-02	7.7704D-08    1.3100D-02   
ba136   1.0000D-02   1.1940D-09     1.5362D-07    1.1856D-02	3.4676D-07    1.3100D-02   
ba137   1.0000D-02   1.7173D-09     1.2661D-07    1.1856D-02	3.3562D-07    1.3100D-02   
ba138   1.0000D-02   1.1052D-08     1.0508D-06    1.1856D-02	2.5055D-06    1.3100D-02   
ba139   1.0000D-02   0.0000D+00     0.0000D+00    1.1856D-02	0.0000D+00    1.3100D-02   
ba140   1.0000D-02   0.0000D+00     0.0000D+00    1.1856D-02	0.0000D+00    1.3100D-02   
la139   1.0000D-02   1.5419D-09     1.0500D-07    1.1856D-02	2.4718D-07    1.3100D-02   
la140   1.0000D-02   0.0000D+00     0.0000D+00    1.1856D-02	0.0000D+00    1.3100D-02   
la141   1.0000D-02   0.0000D+00     0.0000D+00    1.1856D-02	0.0000D+00    1.3100D-02   
ce140   1.0000D-02   3.4994D-09     3.0223D-07    1.1856D-02	6.9181D-07    1.3100D-02   
ce141   1.0000D-02   0.0000D+00     0.0000D+00    1.1856D-02	0.0000D+00    1.3100D-02   
ce142   1.0000D-02   4.4500D-10     4.3327D-09    1.1856D-02	2.5734D-08    1.3100D-02   
ce143   1.0000D-02   0.0000D+00     0.0000D+00    1.1856D-02	0.0000D+00    1.3100D-02   
pr141   1.0000D-02   5.8565D-10     2.8777D-08    1.1856D-02	6.8445D-08    1.3100D-02   
pr142   1.0000D-02   0.0000D+00     0.0000D+00    1.1856D-02	0.0000D+00    1.3100D-02   
pr143   1.0000D-02   0.0000D+00     0.0000D+00    1.1856D-02	0.0000D+00    1.3100D-02   
nd142   1.0000D-02   7.9465D-10     7.7865D-08    1.1856D-02	1.6700D-07    1.3100D-02   
nd143   1.0000D-02   3.5566D-10     1.1204D-08    1.1856D-02	2.5910D-08    1.3100D-02   
nd144   1.0000D-02   7.0556D-10     3.5128D-08    1.1856D-02	8.2184D-08    1.3100D-02   
nd145   1.0000D-02   2.4776D-10     6.6597D-09    1.1856D-02	1.5586D-08    1.3100D-02   
nd146   1.0000D-02   5.1564D-10     3.2169D-08    1.1856D-02	7.4935D-08    1.3100D-02   
nd147   1.0000D-02   0.0000D+00     0.0000D+00    1.1856D-02	0.0000D+00    1.3100D-02   
nd148   1.0000D-02   1.7558D-10     2.2192D-09    1.1856D-02	8.5643D-09    1.3100D-02   
nd149   1.0000D-02   0.0000D+00     0.0000D+00    1.1856D-02	0.0000D+00    1.3100D-02   
nd150   1.0000D-02   1.7423D-10     1.1991D-11    1.1856D-02	1.2850D-11    1.3100D-02   
pm147   1.0000D-02   0.0000D+00     0.0000D+00    1.1856D-02	0.0000D+00    1.3100D-02   
pm148   1.0000D-02   0.0000D+00     0.0000D+00    1.1856D-02	0.0000D+00    1.3100D-02   
pm149   1.0000D-02   0.0000D+00     0.0000D+00    1.1856D-02	0.0000D+00    1.3100D-02   
sm147   1.0000D-02   1.4588D-10     2.9268D-09    1.1856D-02	6.8469D-09    1.3100D-02   
sm148   1.0000D-02   1.0748D-10     1.0548D-08    1.1856D-02	2.2592D-08    1.3100D-02   
sm149   1.0000D-02   1.3193D-10     1.5808D-09    1.1856D-02	3.6886D-09    1.3100D-02   
sm150   1.0000D-02   7.1257D-11     6.8150D-09    1.1856D-02	1.5952D-08    1.3100D-02   
sm151   1.0000D-02   0.0000D+00     0.0000D+00    1.1856D-02	0.0000D+00    1.3100D-02   
sm152   1.0000D-02   2.6047D-10     5.6570D-09    1.1856D-02	1.3234D-08    1.3100D-02   
sm153   1.0000D-02   0.0000D+00     0.0000D+00    1.1856D-02	0.0000D+00    1.3100D-02   
sm154   1.0000D-02   2.2445D-10     1.2935D-10    1.1856D-02	4.9931D-10    1.3100D-02   
eu151   1.0000D-02   1.7464D-10     1.0922D-09    1.1856D-02	2.5520D-09    1.3100D-02   
eu152   1.0000D-02   0.0000D+00     0.0000D+00    1.1856D-02	0.0000D+00    1.3100D-02   
eu153   1.0000D-02   1.9331D-10     9.3233D-10    1.1856D-02	2.1814D-09    1.3100D-02   
eu154   1.0000D-02   0.0000D+00     0.0000D+00    1.1856D-02	0.0000D+00    1.3100D-02   
eu155   1.0000D-02   0.0000D+00     0.0000D+00    1.1856D-02	0.0000D+00    1.3100D-02   
eu156   1.0000D-02   0.0000D+00     0.0000D+00    1.1856D-02	0.0000D+00    1.3100D-02   
eu157   1.0000D-02   0.0000D+00     0.0000D+00    1.1856D-02	0.0000D+00    1.3100D-02   
      					       	       	  		   				          
ba134   1.2000D-02   3.6327D-10     3.7501D-08    1.1856D-02	8.0349D-08    1.3100D-02   
ba135   1.2000D-02   9.9387D-10     2.4092D-08    1.1856D-02	6.1753D-08    1.3100D-02   
ba136   1.2000D-02   1.1940D-09     1.2356D-07    1.1856D-02	2.7369D-07    1.3100D-02   
ba137   1.2000D-02   1.7173D-09     1.0157D-07    1.1856D-02	2.6023D-07    1.3100D-02   
ba138   1.2000D-02   1.1052D-08     8.5227D-07    1.1856D-02	2.0005D-06    1.3100D-02   
ba139   1.2000D-02   0.0000D+00     0.0000D+00    1.1856D-02	0.0000D+00    1.3100D-02   
ba140   1.2000D-02   0.0000D+00     0.0000D+00    1.1856D-02	0.0000D+00    1.3100D-02   
la139   1.2000D-02   1.5419D-09     8.5232D-08    1.1856D-02	1.9891D-07    1.3100D-02   
la140   1.2000D-02   0.0000D+00     0.0000D+00    1.1856D-02	0.0000D+00    1.3100D-02   
la141   1.2000D-02   0.0000D+00     0.0000D+00    1.1856D-02	0.0000D+00    1.3100D-02   
ce140   1.2000D-02   3.4994D-09     2.3915D-07    1.1856D-02	5.7052D-07    1.3100D-02   
ce141   1.2000D-02   0.0000D+00     0.0000D+00    1.1856D-02	0.0000D+00    1.3100D-02   
ce142   1.2000D-02   4.4500D-10     3.1720D-09    1.1856D-02	2.0093D-08    1.3100D-02   
ce143   1.2000D-02   0.0000D+00     0.0000D+00    1.1856D-02	0.0000D+00    1.3100D-02   
pr141   1.2000D-02   5.8565D-10     2.2630D-08    1.1856D-02	5.6451D-08    1.3100D-02   
pr142   1.2000D-02   0.0000D+00     0.0000D+00    1.1856D-02	0.0000D+00    1.3100D-02   
pr143   1.2000D-02   0.0000D+00     0.0000D+00    1.1856D-02	0.0000D+00    1.3100D-02   
nd142   1.2000D-02   7.9465D-10     6.0795D-08    1.1856D-02	1.3963D-07    1.3100D-02   
nd143   1.2000D-02   3.5566D-10     8.7109D-09    1.1856D-02	2.1545D-08    1.3100D-02   
nd144   1.2000D-02   7.0556D-10     2.7132D-08    1.1856D-02	6.8508D-08    1.3100D-02   
nd145   1.2000D-02   2.4776D-10     5.1365D-09    1.1856D-02	1.2998D-08    1.3100D-02   
nd146   1.2000D-02   5.1564D-10     2.4672D-08    1.1856D-02	6.2641D-08    1.3100D-02   
nd147   1.2000D-02   0.0000D+00     0.0000D+00    1.1856D-02	0.0000D+00    1.3100D-02   
nd148   1.2000D-02   1.7558D-10     1.6444D-09    1.1856D-02	7.1312D-09    1.3100D-02   
nd149   1.2000D-02   0.0000D+00     0.0000D+00    1.1856D-02	0.0000D+00    1.3100D-02   
nd150   1.2000D-02   1.7423D-10     1.5245D-11    1.1856D-02	1.6119D-11    1.3100D-02   
pm147   1.2000D-02   0.0000D+00     0.0000D+00    1.1856D-02	0.0000D+00    1.3100D-02   
pm148   1.2000D-02   0.0000D+00     0.0000D+00    1.1856D-02	0.0000D+00    1.3100D-02   
pm149   1.2000D-02   0.0000D+00     0.0000D+00    1.1856D-02	0.0000D+00    1.3100D-02   
sm147   1.2000D-02   1.4588D-10     2.2442D-09    1.1856D-02	5.7287D-09    1.3100D-02   
sm148   1.2000D-02   1.0748D-10     8.0835D-09    1.1856D-02	1.8874D-08    1.3100D-02   
sm149   1.2000D-02   1.3193D-10     1.2065D-09    1.1856D-02	3.0798D-09    1.3100D-02   
sm150   1.2000D-02   7.1257D-11     5.1974D-09    1.1856D-02	1.3330D-08    1.3100D-02   
sm151   1.2000D-02   0.0000D+00     0.0000D+00    1.1856D-02	0.0000D+00    1.3100D-02   
sm152   1.2000D-02   2.6047D-10     4.3044D-09    1.1856D-02	1.1062D-08    1.3100D-02   
sm153   1.2000D-02   0.0000D+00     0.0000D+00    1.1856D-02	0.0000D+00    1.3100D-02   
sm154   1.2000D-02   2.2445D-10     1.0014D-10    1.1856D-02	4.2590D-10    1.3100D-02   
eu151   1.2000D-02   1.7464D-10     8.3280D-10    1.1856D-02	2.1329D-09    1.3100D-02   
eu152   1.2000D-02   0.0000D+00     0.0000D+00    1.1856D-02	0.0000D+00    1.3100D-02   
eu153   1.2000D-02   1.9331D-10     7.0962D-10    1.1856D-02	1.8227D-09    1.3100D-02   
eu154   1.2000D-02   0.0000D+00     0.0000D+00    1.1856D-02	0.0000D+00    1.3100D-02   
eu155   1.2000D-02   0.0000D+00     0.0000D+00    1.1856D-02	0.0000D+00    1.3100D-02   
eu156   1.2000D-02   0.0000D+00     0.0000D+00    1.1856D-02	0.0000D+00    1.3100D-02   
eu157   1.2000D-02   0.0000D+00     0.0000D+00    1.1856D-02	0.0000D+00    1.3100D-02   
      					       	       	  		   	       	          
ba134   1.5000D-02   3.6327D-10     2.9985D-08    1.1856D-02	6.0764D-08    1.3100D-02   
ba135   1.5000D-02   9.9387D-10     1.9118D-08    1.1856D-02	4.6919D-08    1.3100D-02   
ba136   1.5000D-02   1.1940D-09     9.8316D-08    1.1856D-02	2.0950D-07    1.3100D-02   
ba137   1.5000D-02   1.7173D-09     7.9985D-08    1.1856D-02	1.9709D-07    1.3100D-02   
ba138   1.5000D-02   1.1052D-08     6.2569D-07    1.1856D-02	1.5767D-06    1.3100D-02   
ba139   1.5000D-02   0.0000D+00     0.0000D+00    1.1856D-02	0.0000D+00    1.3100D-02   
ba140   1.5000D-02   0.0000D+00     0.0000D+00    1.1856D-02	0.0000D+00    1.3100D-02   
la139   1.5000D-02   1.5419D-09     6.1613D-08    1.1856D-02	1.5761D-07    1.3100D-02   
la140   1.5000D-02   0.0000D+00     0.0000D+00    1.1856D-02	0.0000D+00    1.3100D-02   
la141   1.5000D-02   0.0000D+00     0.0000D+00    1.1856D-02	0.0000D+00    1.3100D-02   
ce140   1.5000D-02   3.4994D-09     1.6245D-07    1.1856D-02	4.4634D-07    1.3100D-02   
ce141   1.5000D-02   0.0000D+00     0.0000D+00    1.1856D-02	0.0000D+00    1.3100D-02   
ce142   1.5000D-02   4.4500D-10     2.0076D-09    1.1856D-02	1.4512D-08    1.3100D-02   
ce143   1.5000D-02   0.0000D+00     0.0000D+00    1.1856D-02	0.0000D+00    1.3100D-02   
pr141   1.5000D-02   5.8565D-10     1.5226D-08    1.1856D-02	4.3966D-08    1.3100D-02   
pr142   1.5000D-02   0.0000D+00     0.0000D+00    1.1856D-02	0.0000D+00    1.3100D-02   
pr143   1.5000D-02   0.0000D+00     0.0000D+00    1.1856D-02	0.0000D+00    1.3100D-02   
nd142   1.5000D-02   7.9465D-10     4.0122D-08    1.1856D-02	1.0859D-07    1.3100D-02   
nd143   1.5000D-02   3.5566D-10     5.7252D-09    1.1856D-02	1.6625D-08    1.3100D-02   
nd144   1.5000D-02   7.0556D-10     1.7643D-08    1.1856D-02	5.2566D-08    1.3100D-02   
nd145   1.5000D-02   2.4776D-10     3.3335D-09    1.1856D-02	9.9625D-09    1.3100D-02   
nd146   1.5000D-02   5.1564D-10     1.5851D-08    1.1856D-02	4.7735D-08    1.3100D-02   
nd147   1.5000D-02   0.0000D+00     0.0000D+00    1.1856D-02	0.0000D+00    1.3100D-02   
nd148   1.5000D-02   1.7558D-10     1.0202D-09    1.1856D-02	5.3445D-09    1.3100D-02   
nd149   1.5000D-02   0.0000D+00     0.0000D+00    1.1856D-02	0.0000D+00    1.3100D-02   
nd150   1.5000D-02   1.7423D-10     2.0413D-11    1.1856D-02	2.1255D-11    1.3100D-02   
pm147   1.5000D-02   0.0000D+00     0.0000D+00    1.1856D-02	0.0000D+00    1.3100D-02   
pm148   1.5000D-02   0.0000D+00     0.0000D+00    1.1856D-02	0.0000D+00    1.3100D-02   
pm149   1.5000D-02   0.0000D+00     0.0000D+00    1.1856D-02	0.0000D+00    1.3100D-02   
sm147   1.5000D-02   1.4588D-10     1.4413D-09    1.1856D-02	4.3669D-09    1.3100D-02   
sm148   1.5000D-02   1.0748D-10     5.1811D-09    1.1856D-02	1.4335D-08    1.3100D-02   
sm149   1.5000D-02   1.3193D-10     7.7020D-10    1.1856D-02	2.3324D-09    1.3100D-02   
sm150   1.5000D-02   7.1257D-11     3.3140D-09    1.1856D-02	1.0088D-08    1.3100D-02   
sm151   1.5000D-02   0.0000D+00     0.0000D+00    1.1856D-02	0.0000D+00    1.3100D-02   
sm152   1.5000D-02   2.6047D-10     2.7398D-09    1.1856D-02	8.3556D-09    1.3100D-02   
sm153   1.5000D-02   0.0000D+00     0.0000D+00    1.1856D-02	0.0000D+00    1.3100D-02   
sm154   1.5000D-02   2.2445D-10     6.8158D-11    1.1856D-02	3.2933D-10    1.3100D-02   
eu151   1.5000D-02   1.7464D-10     5.3133D-10    1.1856D-02	1.6142D-09    1.3100D-02   
eu152   1.5000D-02   0.0000D+00     0.0000D+00    1.1856D-02	0.0000D+00    1.3100D-02   
eu153   1.5000D-02   1.9331D-10     4.5193D-10    1.1856D-02	1.3769D-09    1.3100D-02   
eu154   1.5000D-02   0.0000D+00     0.0000D+00    1.1856D-02	0.0000D+00    1.3100D-02   
eu155   1.5000D-02   0.0000D+00     0.0000D+00    1.1856D-02	0.0000D+00    1.3100D-02   
eu156   1.5000D-02   0.0000D+00     0.0000D+00    1.1856D-02	0.0000D+00    1.3100D-02   
eu157   1.5000D-02   0.0000D+00     0.0000D+00    1.1856D-02	0.0000D+00    1.3100D-02   
      					       	       	  		   				       		    
ba134   1.8000D-02   3.6327D-10     2.4451D-08    1.1856D-02	5.0793D-08    1.3100D-02   
ba135   1.8000D-02   9.9387D-10     1.5451D-08    1.1856D-02	3.9315D-08    1.3100D-02   
ba136   1.8000D-02   1.1940D-09     7.8580D-08    1.1856D-02	1.7677D-07    1.3100D-02   
ba137   1.8000D-02   1.7173D-09     6.2880D-08    1.1856D-02	1.6441D-07    1.3100D-02   
ba138   1.8000D-02   1.1052D-08     4.5168D-07    1.1856D-02	1.2729D-06    1.3100D-02   
ba139   1.8000D-02   0.0000D+00     0.0000D+00    1.1856D-02	0.0000D+00    1.3100D-02   
ba140   1.8000D-02   0.0000D+00     0.0000D+00    1.1856D-02	0.0000D+00    1.3100D-02   
la139   1.8000D-02   1.5419D-09     4.3743D-08    1.1856D-02	1.2602D-07    1.3100D-02   
la140   1.8000D-02   0.0000D+00     0.0000D+00    1.1856D-02	0.0000D+00    1.3100D-02   
la141   1.8000D-02   0.0000D+00     0.0000D+00    1.1856D-02	0.0000D+00    1.3100D-02   
ce140   1.8000D-02   3.4994D-09     1.0987D-07    1.1856D-02	3.4133D-07    1.3100D-02   
ce141   1.8000D-02   0.0000D+00     0.0000D+00    1.1856D-02	0.0000D+00    1.3100D-02   
ce142   1.8000D-02   4.4500D-10     1.3480D-09    1.1856D-02	1.0409D-08    1.3100D-02   
ce143   1.8000D-02   0.0000D+00     0.0000D+00    1.1856D-02	0.0000D+00    1.3100D-02   
pr141   1.8000D-02   5.8565D-10     1.0239D-08    1.1856D-02	3.3414D-08    1.3100D-02   
pr142   1.8000D-02   0.0000D+00     0.0000D+00    1.1856D-02	0.0000D+00    1.3100D-02   
pr143   1.8000D-02   0.0000D+00     0.0000D+00    1.1856D-02	0.0000D+00    1.3100D-02   
nd142   1.8000D-02   7.9465D-10     2.6577D-08    1.1856D-02	8.1430D-08    1.3100D-02   
nd143   1.8000D-02   3.5566D-10     3.7927D-09    1.1856D-02	1.2398D-08    1.3100D-02   
nd144   1.8000D-02   7.0556D-10     1.1622D-08    1.1856D-02	3.8858D-08    1.3100D-02   
nd145   1.8000D-02   2.4776D-10     2.1950D-09    1.1856D-02	7.3532D-09    1.3100D-02   
nd146   1.8000D-02   5.1564D-10     1.0366D-08    1.1856D-02	3.4921D-08    1.3100D-02   
nd147   1.8000D-02   0.0000D+00     0.0000D+00    1.1856D-02	0.0000D+00    1.3100D-02   
nd148   1.8000D-02   1.7558D-10     6.5899D-10    1.1856D-02	3.8603D-09    1.3100D-02   
nd149   1.8000D-02   0.0000D+00     0.0000D+00    1.1856D-02	0.0000D+00    1.3100D-02   
nd150   1.8000D-02   1.7423D-10     2.5863D-11    1.1856D-02	2.6636D-11    1.3100D-02   
pm147   1.8000D-02   0.0000D+00     0.0000D+00    1.1856D-02	0.0000D+00    1.3100D-02   
pm148   1.8000D-02   0.0000D+00     0.0000D+00    1.1856D-02	0.0000D+00    1.3100D-02   
pm149   1.8000D-02   0.0000D+00     0.0000D+00    1.1856D-02	0.0000D+00    1.3100D-02   
sm147   1.8000D-02   1.4588D-10     9.4283D-10    1.1856D-02	3.1947D-09    1.3100D-02   
sm148   1.8000D-02   1.0748D-10     3.3844D-09    1.1856D-02	1.0437D-08    1.3100D-02   
sm149   1.8000D-02   1.3193D-10     5.0244D-10    1.1856D-02	1.6949D-09    1.3100D-02   
sm150   1.8000D-02   7.1257D-11     2.1617D-09    1.1856D-02	7.3218D-09    1.3100D-02   
sm151   1.8000D-02   0.0000D+00     0.0000D+00    1.1856D-02	0.0000D+00    1.3100D-02   
sm152   1.8000D-02   2.6047D-10     1.7903D-09    1.1856D-02	6.0559D-09    1.3100D-02   
sm153   1.8000D-02   0.0000D+00     0.0000D+00    1.1856D-02	0.0000D+00    1.3100D-02   
sm154   1.8000D-02   2.2445D-10     5.0607D-11    1.1856D-02	2.4673D-10    1.3100D-02   
eu151   1.8000D-02   1.7464D-10     3.4727D-10    1.1856D-02	1.1719D-09    1.3100D-02   
eu152   1.8000D-02   0.0000D+00     0.0000D+00    1.1856D-02	0.0000D+00    1.3100D-02   
eu153   1.8000D-02   1.9331D-10     2.9561D-10    1.1856D-02	9.9819D-10    1.3100D-02   
eu154   1.8000D-02   0.0000D+00     0.0000D+00    1.1856D-02	0.0000D+00    1.3100D-02   
eu155   1.8000D-02   0.0000D+00     0.0000D+00    1.1856D-02	0.0000D+00    1.3100D-02   
eu156   1.8000D-02   0.0000D+00     0.0000D+00    1.1856D-02	0.0000D+00    1.3100D-02   
eu157   1.8000D-02   0.0000D+00     0.0000D+00    1.1856D-02	0.0000D+00    1.3100D-02   
      					       	       	  		   	       	          
ba134   2.0000D-02   3.6327D-10     2.1239D-08    1.1856D-02	4.6098D-08    1.3100D-02   
ba135   2.0000D-02   9.9387D-10     1.3338D-08    1.1856D-02	3.5632D-08    1.3100D-02   
ba136   2.0000D-02   1.1940D-09     6.7093D-08    1.1856D-02	1.6020D-07    1.3100D-02   
ba137   2.0000D-02   1.7173D-09     5.3073D-08    1.1856D-02	1.4743D-07    1.3100D-02   
ba138   2.0000D-02   1.1052D-08     3.6420D-07    1.1856D-02	1.0954D-06    1.3100D-02   
ba139   2.0000D-02   0.0000D+00     0.0000D+00    1.1856D-02	0.0000D+00    1.3100D-02   
ba140   2.0000D-02   0.0000D+00     0.0000D+00    1.1856D-02	0.0000D+00    1.3100D-02   
la139   2.0000D-02   1.5419D-09     3.4996D-08    1.1856D-02	1.0744D-07    1.3100D-02   
la140   2.0000D-02   0.0000D+00     0.0000D+00    1.1856D-02	0.0000D+00    1.3100D-02   
la141   2.0000D-02   0.0000D+00     0.0000D+00    1.1856D-02	0.0000D+00    1.3100D-02   
ce140   2.0000D-02   3.4994D-09     8.5974D-08    1.1856D-02	2.8238D-07    1.3100D-02   
ce141   2.0000D-02   0.0000D+00     0.0000D+00    1.1856D-02	0.0000D+00    1.3100D-02   
ce142   2.0000D-02   4.4500D-10     1.0834D-09    1.1856D-02	8.3408D-09    1.3100D-02   
ce143   2.0000D-02   0.0000D+00     0.0000D+00    1.1856D-02	0.0000D+00    1.3100D-02   
pr141   2.0000D-02   5.8565D-10     8.0024D-09    1.1856D-02	2.7547D-08    1.3100D-02   
pr142   2.0000D-02   0.0000D+00     0.0000D+00    1.1856D-02	0.0000D+00    1.3100D-02   
pr143   2.0000D-02   0.0000D+00     0.0000D+00    1.1856D-02	0.0000D+00    1.3100D-02   
nd142   2.0000D-02   7.9465D-10     2.0624D-08    1.1856D-02	6.6514D-08    1.3100D-02   
nd143   2.0000D-02   3.5566D-10     2.9514D-09    1.1856D-02	1.0104D-08    1.3100D-02   
nd144   2.0000D-02   7.0556D-10     9.0319D-09    1.1856D-02	3.1509D-08    1.3100D-02   
nd145   2.0000D-02   2.4776D-10     1.7074D-09    1.1856D-02	5.9588D-09    1.3100D-02   
nd146   2.0000D-02   5.1564D-10     8.0350D-09    1.1856D-02	2.8146D-08    1.3100D-02   
nd147   2.0000D-02   0.0000D+00     0.0000D+00    1.1856D-02	0.0000D+00    1.3100D-02   
nd148   2.0000D-02   1.7558D-10     5.1120D-10    1.1856D-02	3.0981D-09    1.3100D-02   
nd149   2.0000D-02   0.0000D+00     0.0000D+00    1.1856D-02	0.0000D+00    1.3100D-02   
nd150   2.0000D-02   1.7423D-10     3.1339D-11    1.1856D-02	3.1663D-11    1.3100D-02   
pm147   2.0000D-02   0.0000D+00     0.0000D+00    1.1856D-02	0.0000D+00    1.3100D-02   
pm148   2.0000D-02   0.0000D+00     0.0000D+00    1.1856D-02	0.0000D+00    1.3100D-02   
pm149   2.0000D-02   0.0000D+00     0.0000D+00    1.1856D-02	0.0000D+00    1.3100D-02   
sm147   2.0000D-02   1.4588D-10     7.3127D-10    1.1856D-02	2.5753D-09    1.3100D-02   
sm148   2.0000D-02   1.0748D-10     2.6245D-09    1.1856D-02	8.3870D-09    1.3100D-02   
sm149   2.0000D-02   1.3193D-10     3.8972D-10    1.1856D-02	1.3616D-09    1.3100D-02   
sm150   2.0000D-02   7.1257D-11     1.6775D-09    1.1856D-02	5.8779D-09    1.3100D-02   
sm151   2.0000D-02   0.0000D+00     0.0000D+00    1.1856D-02	0.0000D+00    1.3100D-02   
sm152   2.0000D-02   2.6047D-10     1.3937D-09    1.1856D-02	4.8625D-09    1.3100D-02   
sm153   2.0000D-02   0.0000D+00     0.0000D+00    1.1856D-02	0.0000D+00    1.3100D-02   
sm154   2.0000D-02   2.2445D-10     4.5597D-11    1.1856D-02	2.0559D-10    1.3100D-02   
eu151   2.0000D-02   1.7464D-10     2.7014D-10    1.1856D-02	9.4130D-10    1.3100D-02   
eu152   2.0000D-02   0.0000D+00     0.0000D+00    1.1856D-02	0.0000D+00    1.3100D-02   
eu153   2.0000D-02   1.9331D-10     2.3057D-10    1.1856D-02	8.0193D-10    1.3100D-02   
eu154   2.0000D-02   0.0000D+00     0.0000D+00    1.1856D-02	0.0000D+00    1.3100D-02   
eu155   2.0000D-02   0.0000D+00     0.0000D+00    1.1856D-02	0.0000D+00    1.3100D-02   
eu156   2.0000D-02   0.0000D+00     0.0000D+00    1.1856D-02	0.0000D+00    1.3100D-02   
eu157   2.0000D-02   0.0000D+00     0.0000D+00    1.1856D-02	0.0000D+00    1.3100D-02   
      					       				   	       	       		    
ba134   2.5000D-02   3.6327D-10     1.4883D-08    1.1856D-02	3.6069D-08    1.3100D-02   
ba135   2.5000D-02   9.9387D-10     9.3108D-09    1.1856D-02	2.7855D-08    1.3100D-02   
ba136   2.5000D-02   1.1940D-09     4.5079D-08    1.1856D-02	1.2332D-07    1.3100D-02   
ba137   2.5000D-02   1.7173D-09     3.4810D-08    1.1856D-02	1.1062D-07    1.3100D-02   
ba138   2.5000D-02   1.1052D-08     2.2069D-07    1.1856D-02	7.4183D-07    1.3100D-02   
ba139   2.5000D-02   0.0000D+00     0.0000D+00    1.1856D-02	0.0000D+00    1.3100D-02   
ba140   2.5000D-02   0.0000D+00     0.0000D+00    1.1856D-02	0.0000D+00    1.3100D-02   
la139   2.5000D-02   1.5419D-09     2.1013D-08    1.1856D-02	7.1249D-08    1.3100D-02   
la140   2.5000D-02   0.0000D+00     0.0000D+00    1.1856D-02	0.0000D+00    1.3100D-02   
la141   2.5000D-02   0.0000D+00     0.0000D+00    1.1856D-02	0.0000D+00    1.3100D-02   
ce140   2.5000D-02   3.4994D-09     4.9904D-08    1.1856D-02	1.7713D-07    1.3100D-02   
ce141   2.5000D-02   0.0000D+00     0.0000D+00    1.1856D-02	0.0000D+00    1.3100D-02   
ce142   2.5000D-02   4.4500D-10     7.5339D-10    1.1856D-02	5.0474D-09    1.3100D-02   
ce143   2.5000D-02   0.0000D+00     0.0000D+00    1.1856D-02	0.0000D+00    1.3100D-02   
pr141   2.5000D-02   5.8565D-10     4.6659D-09    1.1856D-02	1.7204D-08    1.3100D-02   
pr142   2.5000D-02   0.0000D+00     0.0000D+00    1.1856D-02	0.0000D+00    1.3100D-02   
pr143   2.5000D-02   0.0000D+00     0.0000D+00    1.1856D-02	0.0000D+00    1.3100D-02   
nd142   2.5000D-02   7.9465D-10     1.1834D-08    1.1856D-02	4.0790D-08    1.3100D-02   
nd143   2.5000D-02   3.5566D-10     1.7186D-09    1.1856D-02	6.1929D-09    1.3100D-02   
nd144   2.5000D-02   7.0556D-10     5.2811D-09    1.1856D-02	1.9171D-08    1.3100D-02   
nd145   2.5000D-02   2.4776D-10     1.0023D-09    1.1856D-02	3.6252D-09    1.3100D-02   
nd146   2.5000D-02   5.1564D-10     4.6859D-09    1.1856D-02	1.6964D-08    1.3100D-02   
nd147   2.5000D-02   0.0000D+00     0.0000D+00    1.1856D-02	0.0000D+00    1.3100D-02   
nd148   2.5000D-02   1.7558D-10     3.1042D-10    1.1856D-02	1.8741D-09    1.3100D-02   
nd149   2.5000D-02   0.0000D+00     0.0000D+00    1.1856D-02	0.0000D+00    1.3100D-02   
nd150   2.5000D-02   1.7423D-10     3.9419D-11    1.1856D-02	3.9302D-11    1.3100D-02   
pm147   2.5000D-02   0.0000D+00     0.0000D+00    1.1856D-02	0.0000D+00    1.3100D-02   
pm148   2.5000D-02   0.0000D+00     0.0000D+00    1.1856D-02	0.0000D+00    1.3100D-02   
pm149   2.5000D-02   0.0000D+00     0.0000D+00    1.1856D-02	0.0000D+00    1.3100D-02   
sm147   2.5000D-02   1.4588D-10     4.2725D-10    1.1856D-02	1.5537D-09    1.3100D-02   
sm148   2.5000D-02   1.0748D-10     1.5317D-09    1.1856D-02	5.0249D-09    1.3100D-02   
sm149   2.5000D-02   1.3193D-10     2.2856D-10    1.1856D-02	8.1713D-10    1.3100D-02   
sm150   2.5000D-02   7.1257D-11     9.8592D-10    1.1856D-02	3.5266D-09    1.3100D-02   
sm151   2.5000D-02   0.0000D+00     0.0000D+00    1.1856D-02	0.0000D+00    1.3100D-02   
sm152   2.5000D-02   2.6047D-10     8.3008D-10    1.1856D-02	2.9282D-09    1.3100D-02   
sm153   2.5000D-02   0.0000D+00     0.0000D+00    1.1856D-02	0.0000D+00    1.3100D-02   
sm154   2.5000D-02   2.2445D-10     3.7763D-11    1.1856D-02	1.3719D-10    1.3100D-02   
eu151   2.5000D-02   1.7464D-10     1.6013D-10    1.1856D-02	5.6603D-10    1.3100D-02   
eu152   2.5000D-02   0.0000D+00     0.0000D+00    1.1856D-02	0.0000D+00    1.3100D-02   
eu153   2.5000D-02   1.9331D-10     1.3781D-10    1.1856D-02	4.8328D-10    1.3100D-02   
eu154   2.5000D-02   0.0000D+00     0.0000D+00    1.1856D-02	0.0000D+00    1.3100D-02   
eu155   2.5000D-02   0.0000D+00     0.0000D+00    1.1856D-02	0.0000D+00    1.3100D-02   
eu156   2.5000D-02   0.0000D+00     0.0000D+00    1.1856D-02	0.0000D+00    1.3100D-02   
eu157   2.5000D-02   0.0000D+00     0.0000D+00    1.1856D-02	0.0000D+00    1.3100D-02   
      					       	       	  		   				          
ba134   3.0000D-02   3.6327D-10     1.0807D-08    1.1856D-02	2.7803D-08    1.3100D-02   
ba135   3.0000D-02   9.9387D-10     6.7717D-09    1.1856D-02	2.1432D-08    1.3100D-02   
ba136   3.0000D-02   1.1940D-09     3.1316D-08    1.1856D-02	9.2842D-08    1.3100D-02   
ba137   3.0000D-02   1.7173D-09     2.3724D-08    1.1856D-02	8.1346D-08    1.3100D-02   
ba138   3.0000D-02   1.1052D-08     1.4371D-07    1.1856D-02	5.0834D-07    1.3100D-02   
ba139   3.0000D-02   0.0000D+00     0.0000D+00    1.1856D-02	0.0000D+00    1.3100D-02   
ba140   3.0000D-02   0.0000D+00     0.0000D+00    1.1856D-02	0.0000D+00    1.3100D-02   
la139   3.0000D-02   1.5419D-09     1.3720D-08    1.1856D-02	4.8238D-08    1.3100D-02   
la140   3.0000D-02   0.0000D+00     0.0000D+00    1.1856D-02	0.0000D+00    1.3100D-02   
la141   3.0000D-02   0.0000D+00     0.0000D+00    1.1856D-02	0.0000D+00    1.3100D-02   
ce140   3.0000D-02   3.4994D-09     3.1893D-08    1.1856D-02	1.1611D-07    1.3100D-02   
ce141   3.0000D-02   0.0000D+00     0.0000D+00    1.1856D-02	0.0000D+00    1.3100D-02   
ce142   3.0000D-02   4.4500D-10     6.3945D-10    1.1856D-02	3.3125D-09    1.3100D-02   
ce143   3.0000D-02   0.0000D+00     0.0000D+00    1.1856D-02	0.0000D+00    1.3100D-02   
pr141   3.0000D-02   5.8565D-10     3.0267D-09    1.1856D-02	1.1277D-08    1.3100D-02   
pr142   3.0000D-02   0.0000D+00     0.0000D+00    1.1856D-02	0.0000D+00    1.3100D-02   
pr143   3.0000D-02   0.0000D+00     0.0000D+00    1.1856D-02	0.0000D+00    1.3100D-02   
nd142   3.0000D-02   7.9465D-10     7.5229D-09    1.1856D-02	2.6441D-08    1.3100D-02   
nd143   3.0000D-02   3.5566D-10     1.1246D-09    1.1856D-02	4.0333D-09    1.3100D-02   
nd144   3.0000D-02   7.0556D-10     3.4935D-09    1.1856D-02	1.2461D-08    1.3100D-02   
nd145   3.0000D-02   2.4776D-10     6.6828D-10    1.1856D-02	2.3611D-09    1.3100D-02   
nd146   3.0000D-02   5.1564D-10     3.0974D-09    1.1856D-02	1.0978D-08    1.3100D-02   
nd147   3.0000D-02   0.0000D+00     0.0000D+00    1.1856D-02	0.0000D+00    1.3100D-02   
nd148   3.0000D-02   1.7558D-10     2.2331D-10    1.1856D-02	1.2235D-09    1.3100D-02   
nd149   3.0000D-02   0.0000D+00     0.0000D+00    1.1856D-02	0.0000D+00    1.3100D-02   
nd150   3.0000D-02   1.7423D-10     4.9683D-11    1.1856D-02	4.9902D-11    1.3100D-02   
pm147   3.0000D-02   0.0000D+00     0.0000D+00    1.1856D-02	0.0000D+00    1.3100D-02   
pm148   3.0000D-02   0.0000D+00     0.0000D+00    1.1856D-02	0.0000D+00    1.3100D-02   
pm149   3.0000D-02   0.0000D+00     0.0000D+00    1.1856D-02	0.0000D+00    1.3100D-02   
sm147   3.0000D-02   1.4588D-10     2.8331D-10    1.1856D-02	1.0074D-09    1.3100D-02   
sm148   3.0000D-02   1.0748D-10     1.0143D-09    1.1856D-02	3.2452D-09    1.3100D-02   
sm149   3.0000D-02   1.3193D-10     1.5299D-10    1.1856D-02	5.2914D-10    1.3100D-02   
sm150   3.0000D-02   7.1257D-11     6.6206D-10    1.1856D-02	2.2845D-09    1.3100D-02   
sm151   3.0000D-02   0.0000D+00     0.0000D+00    1.1856D-02	0.0000D+00    1.3100D-02   
sm152   3.0000D-02   2.6047D-10     5.6979D-10    1.1856D-02	1.9109D-09    1.3100D-02   
sm153   3.0000D-02   0.0000D+00     0.0000D+00    1.1856D-02	0.0000D+00    1.3100D-02   
sm154   3.0000D-02   2.2445D-10     3.8185D-11    1.1856D-02	1.0491D-10    1.3100D-02   
eu151   3.0000D-02   1.7464D-10     1.0904D-10    1.1856D-02	3.6824D-10    1.3100D-02   
eu152   3.0000D-02   0.0000D+00     0.0000D+00    1.1856D-02	0.0000D+00    1.3100D-02   
eu153   3.0000D-02   1.9331D-10     9.5295D-11    1.1856D-02	3.1657D-10    1.3100D-02   
eu154   3.0000D-02   0.0000D+00     0.0000D+00    1.1856D-02	0.0000D+00    1.3100D-02   
eu155   3.0000D-02   0.0000D+00     0.0000D+00    1.1856D-02	0.0000D+00    1.3100D-02   
eu156   3.0000D-02   0.0000D+00     0.0000D+00    1.1856D-02	0.0000D+00    1.3100D-02   
eu157   3.0000D-02   0.0000D+00     0.0000D+00    1.1856D-02	0.0000D+00    1.3100D-02   
      					       	                	   				          
ba134   4.0000D-02   3.6327D-10     6.8843D-09    1.1856D-02	1.7049D-08    1.3100D-02   
ba135   4.0000D-02   9.9387D-10     4.3841D-09    1.1856D-02	1.3260D-08    1.3100D-02   
ba136   4.0000D-02   1.1940D-09     1.8119D-08    1.1856D-02	5.4304D-08    1.3100D-02   
ba137   4.0000D-02   1.7173D-09     1.3311D-08    1.1856D-02	4.6105D-08    1.3100D-02   
ba138   4.0000D-02   1.1052D-08     7.6443D-08    1.1856D-02	2.6444D-07    1.3100D-02   
ba139   4.0000D-02   0.0000D+00     0.0000D+00    1.1856D-02	0.0000D+00    1.3100D-02   
ba140   4.0000D-02   0.0000D+00     0.0000D+00    1.1856D-02	0.0000D+00    1.3100D-02   
la139   4.0000D-02   1.5419D-09     7.5132D-09    1.1856D-02	2.4941D-08    1.3100D-02   
la140   4.0000D-02   0.0000D+00     0.0000D+00    1.1856D-02	0.0000D+00    1.3100D-02   
la141   4.0000D-02   0.0000D+00     0.0000D+00    1.1856D-02	0.0000D+00    1.3100D-02   
ce140   4.0000D-02   3.4994D-09     1.7209D-08    1.1856D-02	5.7725D-08    1.3100D-02   
ce141   4.0000D-02   0.0000D+00     0.0000D+00    1.1856D-02	0.0000D+00    1.3100D-02   
ce142   4.0000D-02   4.4500D-10     6.3992D-10    1.1856D-02	1.8663D-09    1.3100D-02   
ce143   4.0000D-02   0.0000D+00     0.0000D+00    1.1856D-02	0.0000D+00    1.3100D-02   
pr141   4.0000D-02   5.8565D-10     1.7327D-09    1.1856D-02	5.6761D-09    1.3100D-02   
pr142   4.0000D-02   0.0000D+00     0.0000D+00    1.1856D-02	0.0000D+00    1.3100D-02   
pr143   4.0000D-02   0.0000D+00     0.0000D+00    1.1856D-02	0.0000D+00    1.3100D-02   
nd142   4.0000D-02   7.9465D-10     4.1045D-09    1.1856D-02	1.3004D-08    1.3100D-02   
nd143   4.0000D-02   3.5566D-10     6.7416D-10    1.1856D-02	2.0408D-09    1.3100D-02   
nd144   4.0000D-02   7.0556D-10     2.1741D-09    1.1856D-02	6.3423D-09    1.3100D-02   
nd145   4.0000D-02   2.4776D-10     4.2580D-10    1.1856D-02	1.2135D-09    1.3100D-02   
nd146   4.0000D-02   5.1564D-10     1.9389D-09    1.1856D-02	5.5736D-09    1.3100D-02   
nd147   4.0000D-02   0.0000D+00     0.0000D+00    1.1856D-02	0.0000D+00    1.3100D-02   
nd148   4.0000D-02   1.7558D-10     1.7502D-10    1.1856D-02	6.4903D-10    1.3100D-02   
nd149   4.0000D-02   0.0000D+00     0.0000D+00    1.1856D-02	0.0000D+00    1.3100D-02   
nd150   4.0000D-02   1.7423D-10     7.1369D-11    1.1856D-02	7.0825D-11    1.3100D-02   
pm147   4.0000D-02   0.0000D+00     0.0000D+00    1.1856D-02	0.0000D+00    1.3100D-02   
pm148   4.0000D-02   0.0000D+00     0.0000D+00    1.1856D-02	0.0000D+00    1.3100D-02   
pm149   4.0000D-02   0.0000D+00     0.0000D+00    1.1856D-02	0.0000D+00    1.3100D-02   
sm147   4.0000D-02   1.4588D-10     1.7895D-10    1.1856D-02	5.1458D-10    1.3100D-02   
sm148   4.0000D-02   1.0748D-10     6.3903D-10    1.1856D-02	1.6500D-09    1.3100D-02   
sm149   4.0000D-02   1.3193D-10     9.9573D-11    1.1856D-02	2.7206D-10    1.3100D-02   
sm150   4.0000D-02   7.1257D-11     4.3460D-10    1.1856D-02	1.1767D-09    1.3100D-02   
sm151   4.0000D-02   0.0000D+00     0.0000D+00    1.1856D-02	0.0000D+00    1.3100D-02   
sm152   4.0000D-02   2.6047D-10     3.9543D-10    1.1856D-02	1.0095D-09    1.3100D-02   
sm153   4.0000D-02   0.0000D+00     0.0000D+00    1.1856D-02	0.0000D+00    1.3100D-02   
sm154   4.0000D-02   2.2445D-10     4.7279D-11    1.1856D-02	8.2729D-11    1.3100D-02   
eu151   4.0000D-02   1.7464D-10     7.4124D-11    1.1856D-02	1.9258D-10    1.3100D-02   
eu152   4.0000D-02   0.0000D+00     0.0000D+00    1.1856D-02	0.0000D+00    1.3100D-02   
eu153   4.0000D-02   1.9331D-10     6.7379D-11    1.1856D-02	1.6982D-10    1.3100D-02   
eu154   4.0000D-02   0.0000D+00     0.0000D+00    1.1856D-02	0.0000D+00    1.3100D-02   
eu155   4.0000D-02   0.0000D+00     0.0000D+00    1.1856D-02	0.0000D+00    1.3100D-02   
eu156   4.0000D-02   0.0000D+00     0.0000D+00    1.1856D-02	0.0000D+00    1.3100D-02   
eu157   4.0000D-02   0.0000D+00     0.0000D+00    1.1856D-02	0.0000D+00    1.3100D-02   
